"[0.30237739005566744, -0.18324786740168889, 0.08847165943515604, 0.16908086961882135, -0.18280706123704143, 0.08717108761287315, 0.0029471441995836266, -0.03516250645382303, -0.05759662646588365]","[-0.18324786740168889, 0.36485356926730317, -0.1031464458181799, -0.18483171730738734, 0.22956929660986541, -0.10174078024876768, -0.00137984896273389, -0.01634224906921835, -0.03008032008865657]","[0.08847165943515604, -0.1031464458181799, 0.1850953404614786, 0.08923055601301966, -0.1028834213810571, 0.049648949050271084, -0.005207783735864976, -0.0014232240941675725, 0.0029480750308172976]","[0.16908086961882135, -0.18483171730738734, 0.08923055601301966, 0.30530006891748407, -0.18438885679863837, 0.08791857949401004, 0.003559481916777764, -0.03547121016490425, -0.05810620135860144]","[-0.18280706123704143, 0.22956929660986541, -0.1028834213810571, -0.18438885679863837, 0.3637850820213231, -0.10148156100968948, -0.0018794883334840602, -0.01626973025645652, -0.029954539118220262]","[0.08717108761287315, -0.10174078024876768, 0.049648949050271084, 0.08791857949401004, -0.10148156100968948, 0.18371005051689485, -0.005131223558996541, -0.0008846611001271335, 0.0037826644007574925]","[0.0029471441995836266, -0.00137984896273389, -0.005207783735864976, 0.003559481916777764, -0.0018794883334840602, -0.005131223558996541, 0.32967558964640203, -0.01832785940829986, -0.02797129946935821]","[-0.03516250645382303, -0.01634224906921835, -0.0014232240941675725, -0.03547121016490425, -0.01626973025645652, -0.0008846611001271335, -0.01832785940829986, 0.4006341238909586, 0.4386251012928829]","[-0.05759662646588365, -0.03008032008865657, 0.0029480750308172976, -0.05810620135860144, -0.029954539118220262, 0.0037826644007574925, -0.02797129946935821, 0.4386251012928829, 0.881618656995529]"
"[0.5153691258343993, 0.03612005011182776, -0.03471217521842387, 0.028496756599236835, 0.036782148194657194, -0.03437305134591732, -0.057374538223682756, 0.0353549848788197, 0.031595054996710364]","[0.03612005011182776, 0.5439967711983883, -0.050727347694713446, 0.03557349611355395, 0.058234254454563934, -0.05010841099519479, -0.05173169774323844, 0.08204451583286397, 0.07675985089203077]","[-0.03471217521842387, -0.050727347694713446, 0.5328197979314283, -0.03425341795856865, -0.051535750327624245, 0.045687365312822956, 0.05587157918619473, -0.06633713366581893, -0.06110419225836445]","[0.028496756599236835, 0.03557349611355395, -0.03425341795856865, 0.5148405629534414, 0.0362252716921155, -0.03392092786826497, -0.057237116004130686, 0.03433129846720648, 0.030721406286162004]","[0.036782148194657194, 0.058234254454563934, -0.051535750327624245, 0.0362252716921155, 0.5457078280124922, -0.050914696239473575, -0.055157103064730865, 0.08286504205592217, 0.07731649223252116]","[-0.03437305134591732, -0.05010841099519479, 0.045687365312822956, -0.03392092786826497, -0.050914696239473575, 0.531771941635221, 0.056738449085863014, -0.06524216881998934, -0.06001707181901864]","[-0.057374538223682756, -0.05173169774323844, 0.05587157918619473, -0.057237116004130686, -0.055157103064730865, 0.056738449085863014, 1.1131696652768162, 0.0022179311282407915, 0.019211056056589466]","[0.0353549848788197, 0.08204451583286397, -0.06633713366581893, 0.03433129846720648, 0.08286504205592217, -0.06524216881998934, 0.0022179311282407915, 0.6816601384630662, 0.1895122418262429]","[0.031595054996710364, 0.07675985089203077, -0.06110419225836445, 0.030721406286162004, 0.07731649223252116, -0.06001707181901864, 0.019211056056589466, 0.1895122418262429, 0.6772203173122766]"
"[0.4016151196209492, -0.023544683990139738, 0.01357401733011055, 0.016956023252666468, -0.02350893926320069, 0.013334517211261597, -0.002249225497460886, -0.0369133995277859, -0.03751815370710649]","[-0.023544683990139738, 0.4354344796805506, -0.023300591432412244, -0.02377000944747383, 0.05059600212386271, -0.02294022324000593, 0.003983052260576243, 0.04180766755112534, 0.036283206838451126]","[0.01357401733011055, -0.023300591432412244, 0.39839230286543675, 0.013710320545295954, -0.02329275494133636, 0.013368764513705092, -0.0027322835386135594, -0.03551663397308165, -0.03178288136494458]","[0.016956023252666468, -0.02377000944747383, 0.013710320545295954, 0.40189672294776446, -0.023734788439544983, 0.013468679347809022, -0.002217314276350362, -0.03727733909668672, -0.03785050154028061]","[-0.02350893926320069, 0.05059600212386271, -0.02329275494133636, -0.023734788439544983, 0.43535680755800443, -0.022932959763507118, 0.003915663925807616, 0.04174908584442054, 0.03621045134267348]","[0.013334517211261597, -0.02294022324000593, 0.013368764513705092, 0.013468679347809022, -0.022932959763507118, 0.3979471011187998, -0.002699858077560729, -0.0348024834386863, -0.03108915942041455]","[-0.002249225497460886, 0.003983052260576243, -0.0027322835386135594, -0.002217314276350362, 0.003915663925807616, -0.002699858077560729, 0.4711099459589952, 0.014358972159260892, 0.006553539372374986]","[-0.0369133995277859, 0.04180766755112534, -0.03551663397308165, -0.03727733909668672, 0.04174908584442054, -0.0348024834386863, 0.014358972159260892, 0.5489680269812383, 0.16666132409058765]","[-0.03751815370710649, 0.036283206838451126, -0.03178288136494458, -0.03785050154028061, 0.03621045134267348, -0.03108915942041455, 0.006553539372374986, 0.16666132409058765, 0.5715829411581105]"
"[0.2286309518641818, -0.019694450161345994, -0.010627764963372761, 0.16621168880069195, -0.019298134755768147, -0.009703100068507291, 0.10277419636376978, 0.08718962079629693, 0.19194707733349212]","[-0.019694450161345994, 0.06525592761768138, 0.001439985859225943, -0.01974351541494064, 0.00232921253101409, 0.0013184039828828468, -0.014887067210285492, -0.011645246641604691, -0.0257352002147481]","[-0.010627764963372761, 0.001439985859225943, 0.06431115685715212, -0.010636344416952742, 0.0013766754207126676, 0.0013312895589211262, -0.015731946335688373, -0.011523235108024488, -0.025616550994240553]","[0.16621168880069195, -0.01974351541494064, -0.010636344416952742, 0.2295533830875746, -0.019349269880740497, -0.00971252911112534, 0.10027155896104883, 0.08745145370446876, 0.1924634168326655]","[-0.019298134755768147, 0.00232921253101409, 0.0013766754207126676, -0.019349269880740497, 0.06514600762813742, 0.001260374837732009, -0.013773256260639204, -0.011188958073711845, -0.02470368201461979]","[-0.009703100068507291, 0.0013184039828828468, 0.0013312895589211262, -0.00971252911112534, 0.001260374837732009, 0.06410179488247253, -0.013927423595427667, -0.010750541450288966, -0.023875184281288216]","[0.10277419636376978, -0.014887067210285492, -0.015731946335688373, 0.10027155896104883, -0.013773256260639204, -0.013927423595427667, 0.790498089838983, 0.06544878221512943, 0.16437499464025962]","[0.08718962079629693, -0.011645246641604691, -0.011523235108024488, 0.08745145370446876, -0.011188958073711845, -0.010750541450288966, 0.06544878221512943, 0.1651144719141117, 0.2242437872802763]","[0.19194707733349212, -0.0257352002147481, -0.025616550994240553, 0.1924634168326655, -0.02470368201461979, -0.023875184281288216, 0.16437499464025962, 0.2242437872802763, 0.5556043758592875]"
"[0.1443197680703509, 0.061643290111843316, -0.06655480839323065, 0.0633053664214773, 0.06290580066182659, -0.06591827130024573, -0.11038486020772442, 0.032367439125894994, 0.02673538101617134]","[0.061643290111843316, 0.15111112043480096, -0.0702575148365325, 0.06117061340348542, 0.07173259810264085, -0.06955330826389658, -0.1081326723080443, 0.05155385320496409, 0.04378520385284007]","[-0.06655480839323065, -0.0702575148365325, 0.1535088470323121, -0.06610079969192183, -0.07161486072275954, 0.07210661989517426, 0.11367390637890747, -0.04638725329780931, -0.03902695681247866]","[0.0633053664214773, 0.06117061340348542, -0.06610079969192183, 0.14362762947030844, 0.062424696120607026, -0.06547125996499428, -0.11047641346944581, 0.031753231907598885, 0.026236903444665012]","[0.06290580066182659, 0.07173259810264085, -0.07161486072275954, 0.062424696120607026, 0.15372002830886336, -0.070903053180862, -0.112658990690439, 0.05245213747035437, 0.04451089124185671]","[-0.06591827130024573, -0.06955330826389658, 0.07210661989517426, -0.06547125996499428, -0.070903053180862, 0.15205991227486443, 0.11421025333256679, -0.04582148966536911, -0.038540014805545]","[-0.11038486020772442, -0.1081326723080443, 0.11367390637890747, -0.11047641346944581, -0.112658990690439, 0.11421025333256679, 0.9435768703111103, -0.05101827074030952, -0.043766752169234036]","[0.032367439125894994, 0.05155385320496409, -0.04638725329780931, 0.031753231907598885, 0.05245213747035437, -0.04582148966536911, -0.05101827074030952, 0.16850248009284102, 0.0790527215945098]","[0.02673538101617134, 0.04378520385284007, -0.03902695681247866, 0.026236903444665012, 0.04451089124185671, -0.038540014805545, -0.043766752169234036, 0.0790527215945098, 0.1541385004068888]"
"[0.784856387660811, -0.053316368422779, -0.0010308806314714132, 0.49740295745657076, -0.053532464270505446, -0.0008459790079375455, 0.1359199755093183, 0.0007536682056002243, 0.0016853431827623887]","[-0.053316368422779, 0.29420102152751465, 0.00011329276614336384, -0.053429431615704466, 0.00575283289637397, 9.217513731186029e-05, -0.01468264439315494, -9.063502445655745e-05, -0.00020269482888432715]","[-0.0010308806314714132, 0.00011329276614336384, 0.2884846807829138, -0.0010364744282253162, 0.00011231818033835802, 1.1173624285393264e-05, -0.00046278331398005856, -4.706730873115775e-05, -0.00010530097355792816]","[0.49740295745657076, -0.053429431615704466, -0.0010364744282253162, 0.786949884759476, -0.053657165965813464, -0.0008531800243791221, 0.1299740974676412, 0.0007573052383818675, 0.001693466074953973]","[-0.053532464270505446, 0.00575283289637397, 0.00011231818033835802, -0.053657165965813464, 0.29425071436807304, 9.47311299653784e-05, -0.013265932884373765, -8.916561572496612e-05, -0.00019940407144151268]","[-0.0008459790079375455, 9.217513731186029e-05, 1.1173624285393264e-05, -0.0008531800243791221, 9.47311299653784e-05, 0.28848008612603826, 7.849709493638853e-05, -4.3377217573394985e-05, -9.704205831780786e-05]","[0.1359199755093183, -0.01468264439315494, -0.00046278331398005856, 0.1299740974676412, -0.013265932884373765, 7.849709493638853e-05, 1.5860026215080179, 0.00018205966505837682, 0.0004105526410146042]","[0.0007536682056002243, -9.063502445655745e-05, -4.706730873115775e-05, 0.0007573052383818675, -8.916561572496612e-05, -4.3377217573394985e-05, 0.00018205966505837682, 0.2888273853156538, 0.000800064584456646]","[0.0016853431827623887, -0.00020269482888432715, -0.00010530097355792816, 0.001693466074953973, -0.00019940407144151268, -9.704205831780786e-05, 0.0004105526410146042, 0.000800064584456646, 0.2902587028067412]"
"[0.141371101289965, -0.08249688517463293, 0.050221286651193256, 0.11847573742377011, -0.0823003692638729, 0.049125295229964255, 0.01988268495246524, -0.20444929755257835, -0.3302495988741777]","[-0.08249688517463293, 0.08680257010199338, -0.03881144439746318, -0.08316378687494114, 0.06281496113787353, -0.038002584915035754, -0.011731603118644405, 0.14421712530038955, 0.22189174762331493]","[0.050221286651193256, -0.03881144439746318, 0.048419485734366344, 0.05062662553217419, -0.03872061496384251, 0.024062762502162164, 0.0061048577693610245, -0.09345004047130538, -0.14029813246301193]","[0.11847573742377011, -0.08316378687494114, 0.05062662553217419, 0.14328256230913253, -0.08296731469721592, 0.04952161358564139, 0.020495401921748937, -0.20610498414623044, -0.3329077276757229]","[-0.0823003692638729, 0.06281496113787353, -0.03872061496384251, -0.08296731469721592, 0.08651628803209306, -0.03791389191675166, -0.011801705023853713, 0.14384873349582078, 0.22132748022007254]","[0.049125295229964255, -0.038002584915035754, 0.024062762502162164, 0.04952161358564139, -0.03791389191675166, 0.047404890960128655, 0.005936393995214725, -0.09133723329281691, -0.1370641727711416]","[0.01988268495246524, -0.011731603118644405, 0.0061048577693610245, 0.020495401921748937, -0.011801705023853713, 0.005936393995214725, 0.09681493508568702, -0.025125472671037437, -0.04956044525056347]","[-0.20444929755257835, 0.14421712530038955, -0.09345004047130538, -0.20610498414623044, 0.14384873349582078, -0.09133723329281691, -0.025125472671037437, 0.4588663372774321, 0.6723201723546245]","[-0.3302495988741777, 0.22189174762331493, -0.14029813246301193, -0.3329077276757229, 0.22132748022007254, -0.1370641727711416, -0.04956044525056347, 0.6723201723546245, 1.1117764766967864]"
"[0.49854426420573594, -0.20865623864926472, 0.1015067300039795, 0.1934069916300627, -0.20813320888569906, 0.10007086329814914, -0.0005330623194182585, -0.011369825926102887, -0.02091887786590751]","[-0.20865623864926472, 0.5548140163160069, -0.11427353858778426, -0.2104996853343592, 0.24737888776575082, -0.11270698247485886, -0.004945575768295581, -0.012615710175250042, -0.020513217438326188]","[0.1015067300039795, -0.11427353858778426, 0.3633796709162266, 0.10239433308022555, -0.11396647389350668, 0.05576648674008368, -0.007805857386404636, 0.004354719306427866, 0.009232638317296645]","[0.1934069916300627, -0.2104996853343592, 0.10239433308022555, 0.5019690770695819, -0.20997414317211072, 0.1009454789288861, 0.00019803511292066433, -0.011501737037289902, -0.02117131884907392]","[-0.20813320888569906, 0.24737888776575082, -0.11396647389350668, -0.20997414317211072, 0.5536241135987263, -0.11240429765565176, -0.0056009439429993355, -0.012550893905938082, -0.020405679728404253]","[0.10007086329814914, -0.11270698247485886, 0.05576648674008368, 0.1009454789288861, -0.11240429765565176, 0.3618407329026038, -0.007674471235825919, 0.004531084092879277, 0.009535155784822127]","[-0.0005330623194182585, -0.004945575768295581, -0.007805857386404636, 0.00019803511292066433, -0.0056009439429993355, -0.007674471235825919, 0.543170308882668, -0.010849139206724612, -0.014538723859070537]","[-0.011369825926102887, -0.012615710175250042, 0.004354719306427866, -0.011501737037289902, -0.012550893905938082, 0.004531084092879277, -0.010849139206724612, 0.4226035941564657, 0.20575885124332755]","[-0.02091887786590751, -0.020513217438326188, 0.009232638317296645, -0.02117131884907392, -0.020405679728404253, 0.009535155784822127, -0.014538723859070537, 0.20575885124332755, 0.6834307562967437]"
"[0.1709192739087959, -0.0001229327975984051, -0.00013646672575319457, 0.0010367731718898038, -0.00012031500912430547, -0.00012961464056926087, -0.0020411821399586396, 0.0017735881423580678, 0.0036983867365958678]","[-0.0001229327975984051, 0.1699018883941489, 1.6310416592874473e-05, -0.00012350066744882044, 1.4344062689475119e-05, 1.5495467973232163e-05, 0.0002441223393202917, -0.0002119756241234104, -0.0004420667925663087]","[-0.00013646672575319457, 1.6310416592874473e-05, 0.16990560885230577, -0.0001370993465011522, 1.595644602266287e-05, 1.7473279427670045e-05, 0.00027663891370554385, -0.00023916990214322128, -0.0004988295159224325]","[0.0010367731718898038, -0.00012350066744882044, -0.0001370993465011522, 0.17092876774962684, -0.00012087188059831871, -0.00013022112804618094, -0.002052846300224732, 0.0017821181404622907, 0.0037161495700580517]","[-0.00012031500912430547, 1.4344062689475119e-05, 1.595644602266287e-05, -0.00012087188059831871, 0.1699012683797348, 1.5159592573010929e-05, 0.00023915598136290162, -0.00020743006358213162, -0.0004325766062895321]","[-0.00012961464056926087, 1.5495467973232163e-05, 1.7473279427670045e-05, -0.00013022112804618094, 1.5159592573010929e-05, 0.16990384772654762, 0.00026425223608495056, -0.00022759102506075514, -0.0004746678428251185]","[-0.0020411821399586396, 0.0002441223393202917, 0.00027663891370554385, -0.002052846300224732, 0.00023915598136290162, 0.00026425223608495056, 0.1745944310341002, -0.003685589073592461, -0.007676537001156585]","[0.0017735881423580678, -0.0002119756241234104, -0.00023916990214322128, 0.0017821181404622907, -0.00020743006358213162, -0.00022759102506075514, -0.003685589073592461, 0.17301381084239761, 0.0065192340520638815]","[0.0036983867365958678, -0.0004420667925663087, -0.0004988295159224325, 0.0037161495700580517, -0.0004325766062895321, -0.0004746678428251185, -0.007676537001156585, 0.0065192340520638815, 0.18348085221350333]"
"[0.48484116267466654, 0.007276224077626993, -0.0066331979438610566, 0.004319580259086804, 0.007375518719410088, -0.006534984431720926, 0.003204274113221836, 0.013364502088377327, 0.011671887406156618]","[0.007276224077626993, 0.5122613792660738, -0.021513139367470256, 0.006791660527071124, 0.031867323287758646, -0.020925116596116015, 0.07291090703203486, 0.08112666433154078, 0.08731498891047125]","[-0.0066331979438610566, -0.021513139367470256, 0.4963331771493847, -0.006288164710078354, -0.021580070067944223, 0.015509164887350171, -0.04537793827210251, -0.05399089038141989, -0.05498627289636299]","[0.004319580259086804, 0.006791660527071124, -0.006288164710078354, 0.4846375755808184, 0.00688562345409583, -0.006198676065042515, 0.002066554152266812, 0.01208421255703689, 0.010463076432285267]","[0.007375518719410088, 0.031867323287758646, -0.021580070067944223, 0.00688562345409583, 0.512316908616142, -0.020997181387555564, 0.07121698144312882, 0.08080197486744418, 0.08670926775573903]","[-0.006534984431720926, -0.020925116596116015, 0.015509164887350171, -0.006198676065042515, -0.020997181387555564, 0.49554780924887426, -0.043136360149201754, -0.052289234356792544, -0.05312298464866746]","[0.003204274113221836, 0.07291090703203486, -0.04537793827210251, 0.002066554152266812, 0.07121698144312882, -0.043136360149201754, 0.9577374597538749, 0.24554294015705488, 0.27070523984104455]","[0.013364502088377327, 0.08112666433154078, -0.05399089038141989, 0.01208421255703689, 0.08080197486744418, -0.052289234356792544, 0.24554294015705488, 0.7283765599233312, 0.26640429377934577]","[0.011671887406156618, 0.08731498891047125, -0.05498627289636299, 0.010463076432285267, 0.08670926775573903, -0.05312298464866746, 0.27070523984104455, 0.26640429377934577, 0.7830265125303217]"
"[0.09672040951852617, 0.014271637893320106, -0.012953540732351713, 0.009772695988715892, 0.014567203566758198, -0.012838392868036532, -0.02215896368309263, 0.014567564152355623, 0.011825523441230935]","[0.014271637893320106, 0.11504658310228295, -0.023652396029080085, 0.013815006172106388, 0.02873125039409643, -0.02332255023725119, -0.0019486882780328665, 0.04644914797181605, 0.03845615266751746]","[-0.012953540732351713, -0.023652396029080085, 0.10701550529880123, -0.012594924517819928, -0.024079917872884316, 0.019956347471145438, 0.008737995743830149, -0.03620824510040441, -0.02984755648566948]","[0.009772695988715892, 0.013815006172106388, -0.012594924517819928, 0.09643525487097121, 0.014102179823484105, -0.012486939167681715, -0.022853415791225584, 0.013505806591813132, 0.010990085500251998]","[0.014567203566758198, 0.02873125039409643, -0.024079917872884316, 0.014102179823484105, 0.11603145127136323, -0.02374882188883197, -0.003633910653393131, 0.04716461823122511, 0.03896395091944396]","[-0.012838392868036532, -0.02332255023725119, 0.019956347471145438, -0.012486939167681715, -0.02374882188883197, 0.10650248979697148, 0.009918329891072133, -0.03551115751186317, -0.029249143158554623]","[-0.02215896368309263, -0.0019486882780328665, 0.008737995743830149, -0.022853415791225584, -0.003633910653393131, 0.009918329891072133, 0.5555974003590758, 0.055277818693382455, 0.05170174106698009]","[0.014567564152355623, 0.04644914797181605, -0.03620824510040441, 0.013505806591813132, 0.04716461823122511, -0.03551115751186317, 0.055277818693382455, 0.20842243383764092, 0.10308246029232607]","[0.011825523441230935, 0.03845615266751746, -0.02984755648566948, 0.010990085500251998, 0.03896395091944396, -0.029249143158554623, 0.05170174106698009, 0.10308246029232607, 0.17618576749190262]"
"[0.145926643114, 3.695740212330227e-07, 1.6690057654979708e-06, 6.117981154512914e-07, 3.8193686012024573e-07, -5.372857140819619e-07, -1.1432649332248648e-07, 7.128718670762242e-08, 5.482789886975145e-08]","[3.695740212330227e-07, 0.14592625606079737, 9.27163482357953e-07, 3.638279873525089e-07, 2.419190133971998e-07, -3.266353469041326e-07, -8.934886885313996e-08, 5.918068015965002e-08, 4.5519337405935534e-08]","[1.6690057654979708e-06, 9.27163482357953e-07, 0.14593102185795176, 1.64162369235309e-06, 9.598083882130985e-07, -1.4147191391378045e-06, -1.0524023938015558e-08, 1.5383564386867853e-07, 1.1831517395594175e-07]","[6.117981154512914e-07, 3.638279873525089e-07, 1.64162369235309e-06, 0.14592662387156877, 3.7599791690030623e-07, -5.288712452478295e-07, -1.1440751199737231e-07, 6.974594662965034e-08, 5.3642624194745354e-08]","[3.8193686012024573e-07, 2.419190133971998e-07, 9.598083882130985e-07, 3.7599791690030623e-07, 0.14592627125730023, -3.373873976001729e-07, -9.306501278574822e-08, 6.094228346067295e-08, 4.6873907581579294e-08]","[-5.372857140819619e-07, -3.266353469041326e-07, -1.4147191391378045e-06, -5.288712452478295e-07, -3.373873976001729e-07, 0.14592648971772265, 1.0373318050764823e-07, -7.172827809759934e-08, -5.516871591690879e-08]","[-1.1432649332248648e-07, -8.934886885313996e-08, -1.0524023938015558e-08, -1.1440751199737231e-07, -9.306501278574822e-08, 1.0373318050764823e-07, 0.14592666604845747, 1.34393940176821e-10, 1.3212446296646504e-10]","[7.128718670762242e-08, 5.918068015965002e-08, 1.5383564386867853e-07, 6.974594662965034e-08, 6.094228346067295e-08, -7.172827809759934e-08, 1.34393940176821e-10, 0.14592607761674226, 4.308926783335105e-08]","[5.482789886975145e-08, 4.5519337405935534e-08, 1.1831517395594175e-07, 5.3642624194745354e-08, 4.6873907581579294e-08, -5.516871591690879e-08, 1.3212446296646504e-10, 4.308926783335105e-08, 0.14592605477541526]"
"[0.3679860536507973, -0.013259677399530644, 0.006019345291643254, 0.02475495333600936, -0.013265353020624775, 0.005874734635369266, 0.012506302758522709, -0.024534355338061812, -0.049470617868290996]","[-0.013259677399530644, 0.35132141224284047, -0.0037996740662866865, -0.01337710815211444, 0.007849523914016514, -0.0037165709820315106, -0.005327827957522922, 0.013482443184383283, 0.026922458395680856]","[0.006019345291643254, -0.0037996740662866865, 0.34549103918978563, 0.006071352704640926, -0.00379400202137557, 0.0019806292808446225, 0.0015592136632418194, -0.007169384455866853, -0.014197711620826859]","[0.02475495333600936, -0.01337710815211444, 0.006071352704640926, 0.3684783479925217, -0.013385524868709572, 0.005924605291703121, 0.013619748810306023, -0.024754661389686745, -0.049922192239070066]","[-0.013265353020624775, 0.007849523914016514, -0.00379400202137557, -0.013385524868709572, 0.3513154857230767, -0.003710927774514495, -0.00552478598867443, 0.013471237778171968, 0.026904810291149526]","[0.005874734635369266, -0.0037165709820315106, 0.0019806292808446225, 0.005924605291703121, -0.003710927774514495, 0.3454084617455487, 0.001457920211946087, -0.006995614557216415, -0.01385210442186948]","[0.012506302758522709, -0.005327827957522922, 0.0015592136632418194, 0.013619748810306023, -0.00552478598867443, 0.001457920211946087, 0.4244509920328706, -0.006318442585221434, -0.013288338616311752]","[-0.024534355338061812, 0.013482443184383283, -0.007169384455866853, -0.024754661389686745, 0.013471237778171968, -0.006995614557216415, -0.006318442585221434, 0.38635056923709604, 0.0870922134584099]","[-0.049470617868290996, 0.026922458395680856, -0.014197711620826859, -0.049922192239070066, 0.026904810291149526, -0.01385210442186948, -0.013288338616311752, 0.0870922134584099, 0.5217670625828479]"
"[0.6856947432089309, -0.11615482708717596, 0.10438572184671299, 0.36613654997775497, -0.11543816999123502, 0.10358460021325273, 0.2088043226744028, 0.06294003724867787, 0.106196010794429]","[-0.11615482708717596, 0.36730018511944157, -0.03359465917875975, -0.1169269259924759, 0.045123840288422, -0.033263097530477743, -0.05600982454826762, -0.0011565794057549305, -0.003898536446288459]","[0.10438572184671299, -0.03359465917875975, 0.35297684986125105, 0.10507041689782118, -0.03337946613972142, 0.0307734946194113, 0.06032280933949134, 0.018232836069411996, 0.03055346146961694]","[0.36613654997775497, -0.1169269259924759, 0.10507041689782118, 0.6905226185468545, -0.11620627113700283, 0.10426495878708629, 0.21065421825333508, 0.06329242502946238, 0.106753738939584]","[-0.11543816999123502, 0.045123840288422, -0.03337946613972142, -0.11620627113700283, 0.3668719430833771, -0.033049472908917, -0.05561653681815468, -0.0009627664035095891, -0.0035516122255355924]","[0.10358460021325273, -0.033263097530477743, 0.0307734946194113, 0.10426495878708629, -0.033049472908917, 0.3524963739431963, 0.060117964844908896, 0.018420155906884426, 0.03089554586722604]","[0.2088043226744028, -0.05600982454826762, 0.06032280933949134, 0.21065421825333508, -0.05561653681815468, 0.060117964844908896, 0.5318505059330974, 0.0664931404431103, 0.11137907093576445]","[0.06294003724867787, -0.0011565794057549305, 0.018232836069411996, 0.06329242502946238, -0.0009627664035095891, 0.018420155906884426, 0.0664931404431103, 0.448233534539068, 0.23373544310494024]","[0.106196010794429, -0.003898536446288459, 0.03055346146961694, 0.106753738939584, -0.0035516122255355924, 0.03089554586722604, 0.11137907093576445, 0.23373544310494024, 0.7684943743407018]"
"[0.042980937508830364, -5.426571181727129e-62, -7.765131599810799e-62, 3.5996167109303685e-61, -5.3916356821810584e-62, -7.615332535489299e-62, -5.0091339782964394e-61, -4.6774801357191744e-60, -6.770617604669644e-76]","[-5.426571181727129e-62, 0.042980937508830364, 1.187122101418301e-62, -5.4994096416479784e-62, 8.23968527361081e-63, 1.1642959165247185e-62, 7.673485166752846e-62, 7.152096634973415e-61, 1.8977230667869084e-76]","[-7.765131599810799e-62, 1.187122101418301e-62, 0.042980937508830364, -7.86957746504464e-62, 1.1795030890572392e-62, 1.6675351975405815e-62, 1.1014471634186818e-61, 1.0244678733228742e-60, 3.6506903705015977e-76]","[3.5996167109303685e-61, -5.4994096416479784e-62, -7.86957746504464e-62, 0.042980937508830364, -5.464009417766022e-62, -7.717803145363423e-62, -5.0773488043742375e-61, -4.74046044513315e-60, -7.095349279923182e-76]","[-5.3916356821810584e-62, 8.23968527361081e-63, 1.1795030890572392e-62, -5.464009417766022e-62, 0.042980937508830364, 1.156825734799739e-62, 7.624724320828472e-62, 7.106232516490455e-61, 1.9319190550556834e-76]","[-7.615332535489299e-62, 1.1642959165247185e-62, 1.6675351975405815e-62, -7.717803145363423e-62, 1.156825734799739e-62, 0.042980937508830364, 1.0808061595338004e-61, 1.0048789361723632e-60, 3.68792512071702e-76]","[-5.0091339782964394e-61, 7.673485166752846e-62, 1.1014471634186818e-61, -5.0773488043742375e-61, 7.624724320828472e-62, 1.0808061595338004e-61, 0.042980937508830364, 6.644784745957573e-60, -5.053982306343516e-76]","[-4.6774801357191744e-60, 7.152096634973415e-61, 1.0244678733228742e-60, -4.74046044513315e-60, 7.106232516490455e-61, 1.0048789361723632e-60, 6.644784745957573e-60, 0.042980937508830364, 4.712953649408032e-74]","[-6.770617604669644e-76, 1.8977230667869084e-76, 3.6506903705015977e-76, -7.095349279923182e-76, 1.9319190550556834e-76, 3.68792512071702e-76, -5.053982306343516e-76, 4.712953649408032e-74, 0.042980937508830364]"
"[0.10856118306767101, -0.017589221026664468, 0.001290671525942829, 0.005011704404156583, -0.0175776531809064, 0.001211667230590105, 0.004118330005574538, -0.010116949876666899, -0.02285218163580707]","[-0.017589221026664468, 0.1716771616388063, -0.005977684274521623, -0.01766507051454307, 0.06804415935237663, -0.005640963268776013, -0.007194590548620576, 0.04495249524693721, 0.09739911634899312]","[0.001290671525942829, -0.005977684274521623, 0.10464435088366492, 0.0012982831367571585, -0.005953450854546036, 0.0010303130921160955, -0.005792087577295088, -0.006214994986007275, -0.01224062259742402]","[0.005011704404156583, -0.01766507051454307, 0.0012982831367571585, 0.108597171764744, -0.01766065774326646, 0.0012199126973228723, 0.005208975878917202, -0.010129303544511472, -0.022889478594662272]","[-0.0175776531809064, 0.06804415935237663, -0.005953450854546036, -0.01766065774326646, 0.17157037477691953, -0.005620380334870499, -0.011134890242666397, 0.04474441865357146, 0.09697334481910705]","[0.001211667230590105, -0.005640963268776013, 0.0010303130921160955, 0.0012199126973228723, -0.005620380334870499, 0.1045520628692817, -0.005197046154116447, -0.005853584230132411, -0.011510056233053172]","[0.004118330005574538, -0.007194590548620576, -0.005792087577295088, 0.005208975878917202, -0.011134890242666397, -0.005197046154116447, 0.8037952144277412, 0.04704588318430602, 0.10194550958939762]","[-0.010116949876666899, 0.04495249524693721, -0.006214994986007275, -0.010129303544511472, 0.04474441865357146, -0.005853584230132411, 0.04704588318430602, 0.15313578060314456, 0.09993690285978038]","[-0.02285218163580707, 0.09739911634899312, -0.01224062259742402, -0.022889478594662272, 0.09697334481910705, -0.011510056233053172, 0.10194550958939762, 0.09993690285978038, 0.31175875377888923]"
"[0.1506907653913761, -0.00024751251314303465, -0.0002960266625718814, 0.0017253458730450285, -0.00023656021397260905, -0.0002738327422279545, 0.0007040956686280061, 0.002268173222606615, 0.005078587592122526]","[-0.00024751251314303465, 0.1490257872732666, 4.688304772970616e-05, -0.00025096523324432394, 3.524509319722506e-05, 4.348092661786906e-05, -0.0001262323220814872, -0.00036254069145917085, -0.0008118154683071324]","[-0.0002960266625718814, 4.688304772970616e-05, 0.14905463741857145, -0.0003005716721748367, 4.4233715780513286e-05, 6.130780213808728e-05, -0.0001818623256078521, -0.0005157132605890741, -0.0011548601463965383]","[0.0017253458730450285, -0.00025096523324432394, -0.0003005716721748367, 0.15073812344060536, -0.00023986740780266064, -0.00027797781404211735, 0.0006744047923534312, 0.0023018143115843158, 0.0051538584298039805]","[-0.00023656021397260905, 3.524509319722506e-05, 4.4233715780513286e-05, -0.00023986740780266064, 0.14902230105321412, 4.101001923157702e-05, -0.00011521563230581673, -0.00034161350100827225, -0.0007649389969286002]","[-0.0002738327422279545, 4.348092661786906e-05, 6.130780213808728e-05, -0.00027797781404211735, 4.101001923157702e-05, 0.14904581178378834, -0.00017688259196185465, -0.0004806149836651874, -0.0010762446321695143]","[0.0007040956686280061, -0.0001262323220814872, -0.0001818623256078521, 0.0006744047923534312, -0.00011521563230581673, -0.00017688259196185465, 0.15477818857034117, 0.0015676985060126237, 0.0035261847010828852]","[0.002268173222606615, -0.00036254069145917085, -0.0005157132605890741, 0.0023018143115843158, -0.00034161350100827225, -0.0004806149836651874, 0.0015676985060126237, 0.1530504652095346, 0.009093481481524621]","[0.005078587592122526, -0.0008118154683071324, -0.0011548601463965383, 0.0051538584298039805, -0.0007649389969286002, -0.0010762446321695143, 0.0035261847010828852, 0.009093481481524621, 0.16934815476958323]"
"[0.0031124538328773624, -4.5042908694983774e-05, 5.4511364264860754e-05, 0.0029785225857413347, -9.256265506504874e-05, -4.504388632930875e-05, 0.04027026277318316, -3.315034823458321e-07, -4.819490055972952e-07]","[-4.5042908694983774e-05, 6.24297905917331e-05, -7.49658329381131e-07, -4.3976854169268906e-05, 1.3850339477731912e-06, 7.194872003046896e-07, -0.000594727754685624, 4.363789699069526e-08, 5.82741027227063e-08]","[5.4511364264860754e-05, -7.49658329381131e-07, 6.294210666287343e-05, 5.322327668511648e-05, -1.596886750558426e-06, -5.613612873439755e-07, 0.0007185497012027091, 2.6427023396343276e-08, 2.2074954423682554e-08]","[0.0029785225857413347, -4.3976854169268906e-05, 5.322327668511648e-05, 0.0029697928361100316, -9.037217394089407e-05, -4.3975793912208495e-05, 0.039317377132865865, -3.2778981051986054e-07, -4.7656120419522336e-07]","[-9.256265506504874e-05, 1.3850339477731912e-06, -1.596886750558426e-06, -9.037217394089407e-05, 6.457396870833977e-05, 1.423079708095151e-06, -0.0012220294278262659, 4.5212384264108133e-08, 6.0490163939146e-08]","[-4.504388632930875e-05, 7.194872003046896e-07, -5.613612873439755e-07, -4.3975793912208495e-05, 1.423079708095151e-06, 6.276529522954827e-05, -0.0005957517317791895, 2.7905883551071666e-08, 2.4445716715453057e-08]","[0.04027026277318316, -0.000594727754685624, 0.0007185497012027091, 0.039317377132865865, -0.0012220294278262659, -0.0005957517317791895, 0.5316615743298478, -3.2032104025366303e-07, -4.607947821250406e-07]","[-3.315034823458321e-07, 4.363789699069526e-08, 2.6427023396343276e-08, -3.2778981051986054e-07, 4.5212384264108133e-08, 2.7905883551071666e-08, -3.2032104025366303e-07, 6.365106300988314e-05, 2.7460395534338302e-06]","[-4.819490055972952e-07, 5.82741027227063e-08, 2.2074954423682554e-08, -4.7656120419522336e-07, 6.0490163939146e-08, 2.4445716715453057e-08, -4.607947821250406e-07, 2.7460395534338302e-06, 6.570908173223836e-05]"
"[0.1209038903315709, 0.06069245055912011, -0.06749798429612211, 0.06613778793561365, 0.061648703435855635, -0.06670197379226225, -0.04510417769506551, 0.022783248226304776, 0.017178987384470164]","[0.06069245055912011, 0.12057354223984047, -0.066825164608368, 0.06035867675451351, 0.06699598973300415, -0.06603768513229782, -0.04818480386941832, 0.03134098114912594, 0.024623543472910535]","[-0.06749798429612211, -0.066825164608368, 0.1256432849190025, -0.06714882210879704, -0.06780205979599192, 0.0703083681107739, 0.04809896119363193, -0.029397752498884856, -0.022803535676934918]","[0.06613778793561365, 0.06035867675451351, -0.06714882210879704, 0.12029197745191339, 0.06131103204195586, -0.0663592638307469, -0.04563730465501263, 0.022510913116902526, 0.016969103990592517]","[0.061648703435855635, 0.06699598973300415, -0.06780205979599192, 0.06131103204195586, 0.12235558808100434, -0.06700718373639689, -0.0507198979419646, 0.031795300094947396, 0.02500424468639298]","[-0.06670197379226225, -0.06603768513229782, 0.0703083681107739, -0.0663592638307469, -0.06700718373639689, 0.1239357498787761, 0.048827819351380766, -0.029036844089703733, -0.022533769848731552]","[-0.04510417769506551, -0.04818480386941832, 0.04809896119363193, -0.04563730465501263, -0.0507198979419646, 0.048827819351380766, 0.6645459751255864, -0.027713331052140352, -0.029903741050124548]","[0.022783248226304776, 0.03134098114912594, -0.029397752498884856, 0.022510913116902526, 0.031795300094947396, -0.029036844089703733, -0.027713331052140352, 0.0957553847181896, 0.03720403035807706]","[0.017178987384470164, 0.024623543472910535, -0.022803535676934918, 0.016969103990592517, 0.02500424468639298, -0.022533769848731552, -0.029903741050124548, 0.03720403035807706, 0.08955787738717404]"
"[0.4724232716391703, -0.01924146710780982, -0.00993427511663428, 0.16263446340996732, -0.018878125141866032, -0.008985312980405504, 0.08409690164310457, 0.07287825675368803, 0.16270434214523424]","[-0.01924146710780982, 0.31264601669796643, 0.001373467023353919, -0.019306164530918487, 0.0022802919473939517, 0.0012495299326115354, -0.011728812306502544, -0.010219976104614175, -0.022831299913649173]","[-0.00993427511663428, 0.001373467023353919, 0.31174819183194513, -0.009973134451551157, 0.001312205738520512, 0.0013236397149484443, -0.012435372843452105, -0.011046955517900806, -0.024699772779104342]","[0.16263446340996732, -0.019306164530918487, -0.009973134451551157, 0.4735031105464723, -0.018944368916895712, -0.009020327721984831, 0.08134059184194511, 0.07317019011319528, 0.16334658107811878]","[-0.018878125141866032, 0.0022802919473939517, 0.001312205738520512, -0.018944368916895712, 0.3125438950583199, 0.001193172937293243, -0.010803630496598965, -0.00975072768552923, -0.02177957572257311]","[-0.008985312980405504, 0.0012495299326115354, 0.0013236397149484443, -0.009020327721984831, 0.001193172937293243, 0.3115354927334992, -0.011328560417937006, -0.010240097605385726, -0.022892344099642203]","[0.08409690164310457, -0.011728812306502544, -0.012435372843452105, 0.08134059184194511, -0.010803630496598965, -0.011328560417937006, 0.9127387286208013, 0.08732058467021239, 0.19807593334978205]","[0.07287825675368803, -0.010219976104614175, -0.011046955517900806, 0.07317019011319528, -0.00975072768552923, -0.010240097605385726, 0.08732058467021239, 0.3976608592627286, 0.19487570673081142]","[0.16270434214523424, -0.022831299913649173, -0.024699772779104342, 0.16334658107811878, -0.02177957572257311, -0.022892344099642203, 0.19807593334978205, 0.19487570673081142, 0.7452293412331743]"
