"[0.4968163672492899, -0.19307754292003326, 0.08278340563933481, 0.15839355037797698, -0.19267134501523592, 0.08165712727888126, -7.864110255571449e-05, -0.007671113934522195, 0.030045410754729034, -8.966509610424887e-05, -0.006521551306345007]","[-0.19307754292003326, 0.5807612988678912, -0.10384564474059363, -0.19448302906941037, 0.24062331804354617, -0.10244609328222816, 0.00014970767084252675, 0.009860966022321173, -0.03072239268199115, 0.00018664012222633302, 0.008347500369163435]","[0.08278340563933481, -0.10384564474059363, 0.38456572675736017, 0.08338285175217963, -0.10360952976884975, 0.04434916171490759, -2.7105708006421278e-05, -0.004126556134176111, 0.012470406094605617, -3.741068943250251e-05, -0.0035173375987485166]","[0.15839355037797698, -0.19448302906941037, 0.08338285175217963, 0.49921080131822726, -0.19407585432803678, 0.08224783726127283, -8.082716359367432e-05, -0.00773140393003201, 0.030953860930174163, -9.211306284363503e-05, -0.006574736452822351]","[-0.19267134501523592, 0.24062331804354617, -0.10360952976884975, -0.19407585432803678, 0.5797082932683839, -0.10221321817587152, 0.0001485426759020737, 0.00983585320493377, -0.0308253629714337, 0.00018523828495635263, 0.008324634155461311]","[0.08165712727888126, -0.10244609328222816, 0.04434916171490759, 0.08224783726127283, -0.10221321817587152, 0.3833617979758809, -2.463491234480333e-05, -0.004064247278320912, 0.012262803445684166, -3.45331093462689e-05, -0.003462874554548943]","[-7.864110255571449e-05, 0.00014970767084252675, -2.7105708006421278e-05, -8.082716359367432e-05, 0.0001485426759020737, -2.463491234480333e-05, 0.3403887114289845, 0.002464838404244336, 0.0003706167080538967, 0.0008680027239990758, 0.0024311724198455243]","[-0.007671113934522195, 0.009860966022321173, -0.004126556134176111, -0.00773140393003201, 0.00983585320493377, -0.004064247278320912, 0.002464838404244336, 0.34783127164735916, 0.0002610970711830486, 0.0027547583533456873, 0.008035755897737123]","[0.030045410754729034, -0.03072239268199115, 0.012470406094605617, 0.030953860930174163, -0.0308253629714337, 0.012262803445684166, 0.0003706167080538967, 0.0002610970711830486, 0.400111836660597, 0.00043794039535603003, 0.0003002130654759105]","[-8.966509610424887e-05, 0.00018664012222633302, -3.741068943250251e-05, -9.211306284363503e-05, 0.00018523828495635263, -3.45331093462689e-05, 0.0008680027239990758, 0.0027547583533456873, 0.00043794039535603003, 0.3405826068138356, 0.002716228414593155]","[-0.006521551306345007, 0.008347500369163435, -0.0035173375987485166, -0.006574736452822351, 0.008324634155461311, -0.003462874554548943, 0.0024311724198455243, 0.008035755897737123, 0.0003002130654759105, 0.002716228414593155, 0.34749310529471017]"
"[0.1139067547915332, 0.02142276523011779, -0.030035891057815504, 0.0350297253912139, 0.021873464850451555, -0.029632885155064143, 0.000560567661329771, 0.0005864296898709451, -0.021080999442255714, 0.0007567348185482727, 0.0007343846208896662]","[0.02142276523011779, 0.09439675742291244, -0.019331087772787085, 0.021456260597189115, 0.015789239291128094, -0.019104100679823592, 0.0008148414157025871, 0.0008524856214548137, -0.020481250180198887, 0.0010996973091493161, 0.0010672486523485203]","[-0.030035891057815504, -0.019331087772787085, 0.10505389234238115, -0.030053682961639995, -0.01972240645931118, 0.025821149715828596, -0.0007505943732787946, -0.0007852982044990254, 0.02129108789350307, -0.0010131036593845225, -0.0009832426275666816]","[0.0350297253912139, 0.021456260597189115, -0.030053682961639995, 0.11393760006371237, 0.021911053969883375, -0.029655257798945903, 0.0005503351628422178, 0.0005757368460752303, -0.022663573985376002, 0.0007429156762941979, 0.000720984325942968]","[0.021873464850451555, 0.015789239291128094, -0.01972240645931118, 0.021911053969883375, 0.09497233804549832, -0.019494676299026587, 0.0008369109354347542, 0.0008755434795419658, -0.022391519901177537, 0.0011295069382808956, 0.0010961507644719258]","[-0.029632885155064143, -0.019104100679823592, 0.025821149715828596, -0.029655257798945903, -0.019494676299026587, 0.10438062158161272, -0.0007452966476364577, -0.0007797447486953034, 0.02252416511416457, -0.0010059601956635112, -0.0009762999736654182]","[0.000560567661329771, 0.0008148414157025871, -0.0007505943732787946, 0.0005503351628422178, 0.0008369109354347542, -0.0007452966476364577, 0.07945721007194564, 0.0005951350011071551, -0.0021595460945895567, 0.0007654259881295272, 0.0007440703880372153]","[0.0005864296898709451, 0.0008524856214548137, -0.0007852982044990254, 0.0005757368460752303, 0.0008755434795419658, -0.0007797447486953034, 0.0005951350011071551, 0.07951464479482859, -0.002256279900720513, 0.0008020709672601641, 0.0007805742083858983]","[-0.021080999442255714, -0.020481250180198887, 0.02129108789350307, -0.022663573985376002, -0.022391519901177537, 0.02252416511416457, -0.0021595460945895567, -0.002256279900720513, 0.7145005558293103, -0.0029169670638506356, -0.0028281893328428297]","[0.0007567348185482727, 0.0010996973091493161, -0.0010131036593845225, 0.0007429156762941979, 0.0011295069382808956, -0.0010059601956635112, 0.0007654259881295272, 0.0008020709672601641, -0.0029169670638506356, 0.07992218534026826, 0.0010032588695956075]","[0.0007343846208896662, 0.0010672486523485203, -0.0009832426275666816, 0.000720984325942968, 0.0010961507644719258, -0.0009762999736654182, 0.0007440703880372153, 0.0007805742083858983, -0.0028281893328428297, 0.0010032588695956075, 0.07986524265798868]"
"[0.5353439843122574, -0.010495258586793597, -0.013454121391903799, 0.07416375138108544, -0.0104541695684152, -0.013222068419918326, -9.575939469293384e-30, 1.0596190669296689e-36, -2.379946480573364e-06, -1.1093683618226759e-29, -1.238720225207619e-34]","[-0.010495258586793597, 0.46331682731497353, 0.0019204886979599608, -0.010586395215030287, 0.0014922650032561792, 0.001887364639015889, 1.180238924711662e-30, -7.121699072559303e-38, 3.3972194724221743e-07, 1.3665379628026594e-30, -2.8464228063456657e-35]","[-0.013454121391903799, 0.0019204886979599608, 0.464280617220881, -0.013570951601412706, 0.0019129699698835247, 0.0024194575821179665, 5.9500484297152235e-31, 1.4135463465689047e-38, 4.354976373275918e-07, 6.876536698390973e-31, -8.723495923893489e-35]","[0.07416375138108544, -0.010586395215030287, -0.013570951601412706, 0.5366264568584783, -0.010544949396048876, -0.013336883574222622, -9.664822451089977e-30, 1.046225054990545e-36, -2.400612984007226e-06, -1.1196639167078112e-29, -1.2418508476930967e-34]","[-0.0104541695684152, 0.0014922650032561792, 0.0019129699698835247, -0.010544949396048876, 0.4633051198946918, 0.0018799755918858978, 1.1838515480677006e-30, -6.739240674178649e-38, 3.3839193319650876e-07, 1.3707201206636753e-30, -2.8588220540802874e-35]","[-0.013222068419918326, 0.001887364639015889, 0.0024194575821179665, -0.013336883574222622, 0.0018799755918858978, 0.46419642456603377, 5.966648415957518e-31, 2.240031164677873e-38, 4.2798629429070405e-07, 6.895980214387001e-31, -8.598645804285981e-35]","[-9.575939469293384e-30, 1.180238924711662e-30, 5.9500484297152235e-31, -9.664822451089977e-30, 1.1838515480677006e-30, 5.966648415957518e-31, 0.46181869712044193, 2.810439036740627e-35, 7.75831502535116e-30, 6.107757799643878e-29, 2.7945469438667504e-35]","[1.0596190669296689e-36, -7.121699072559303e-38, 1.4135463465689047e-38, 1.046225054990545e-36, -6.739240674178649e-38, 2.240031164677873e-38, 2.810439036740627e-35, 0.46181869712044193, -4.337241866494257e-37, 3.255241865554703e-35, 8.092899415410056e-36]","[-2.379946480573364e-06, 3.3972194724221743e-07, 4.354976373275918e-07, -2.400612984007226e-06, 3.3839193319650876e-07, 4.2798629429070405e-07, 7.75831502535116e-30, -4.337241866494257e-37, 0.46181869719747864, 8.986208748798036e-30, -4.315442985435505e-37]","[-1.1093683618226759e-29, 1.3665379628026594e-30, 6.876536698390973e-31, -1.1196639167078112e-29, 1.3707201206636753e-30, 6.895980214387001e-31, 6.107757799643878e-29, 3.255241865554703e-35, 8.986208748798036e-30, 0.46181869712044193, 2.256018073541593e-34]","[-1.238720225207619e-34, -2.8464228063456657e-35, -8.723495923893489e-35, -1.2418508476930967e-34, -2.8588220540802874e-35, -8.598645804285981e-35, 2.7945469438667504e-35, 8.092899415410056e-36, -4.315442985435505e-37, 2.256018073541593e-34, 0.46181869712044193]"
"[0.2450889724756335, -7.064870388030242e-15, 4.928458901673272e-16, 2.0387331805845117e-15, -7.073199565227204e-15, 4.3785741602256563e-16, 1.5282621363654869e-13, 1.337621204148875e-15, -1.832051058244882e-15, -2.7169263344917646e-15, -9.126633017690103e-15]","[-7.064870388030242e-15, 0.24508897247565697, -1.7123978329037615e-15, -7.203341969437859e-15, 2.550497630019272e-14, -1.506773137840005e-15, -5.66386834876266e-13, -4.882988373117537e-15, 7.096041136642573e-15, 1.0091834823159666e-14, 3.394928755754099e-14]","[4.928458901673272e-16, -1.7123978329037615e-15, 0.24508897247563163, 5.035876398992095e-16, -1.710561126588857e-15, 1.2996376064794647e-16, 3.8702578504246515e-14, 2.232137894319659e-16, -7.550805354102499e-16, -7.235737186245335e-16, -2.4375573631197577e-15]","[2.0387331805845117e-15, -7.203341969437859e-15, 5.035876398992095e-16, 0.24508897247563358, -7.211737840127025e-15, 4.470431363004185e-16, 1.5684089867061476e-13, 1.4003117670377829e-15, -1.8094015009371702e-15, -2.7787767335758635e-15, -9.344462478631389e-15]","[-7.073199565227204e-15, 2.550497630019272e-14, -1.710561126588857e-15, -7.211737840127025e-15, 0.24508897247565703, -1.5053934835726135e-15, -5.663345813118522e-13, -4.916351197971986e-15, 6.8464620917811154e-15, 1.0079241290105132e-14, 3.390883640900381e-14]","[4.3785741602256563e-16, -1.506773137840005e-15, 1.2996376064794647e-16, 4.470431363004185e-16, -1.5053934835726135e-15, 0.2450889724756316, 3.345242509429471e-14, 1.7561863703743389e-16, -6.616239391591331e-16, -6.304941334778929e-16, -2.1208759306310846e-15]","[1.5282621363654869e-13, -5.66386834876266e-13, 3.8702578504246515e-14, 1.5684089867061476e-13, -5.663345813118522e-13, 3.345242509429471e-14, 0.2450889724897654, 1.7717533574564597e-13, -1.458640709831958e-13, -2.33767498599567e-13, -8.011925274637485e-13]","[1.337621204148875e-15, -4.882988373117537e-15, 2.232137894319659e-16, 1.4003117670377829e-15, -4.916351197971986e-15, 1.7561863703743389e-16, 1.7717533574564597e-13, 0.24508897247563965, 6.209211907773061e-15, -1.0226540106751906e-15, -4.5128444588295026e-15]","[-1.832051058244882e-15, 7.096041136642573e-15, -7.550805354102499e-16, -1.8094015009371702e-15, 6.8464620917811154e-15, -6.616239391591331e-16, -1.458640709831958e-13, 6.209211907773061e-15, 0.24508897247567482, 5.050139963134371e-15, 1.602088008241297e-14]","[-2.7169263344917646e-15, 1.0091834823159666e-14, -7.235737186245335e-16, -2.7787767335758635e-15, 1.0079241290105132e-14, -6.304941334778929e-16, -2.33767498599567e-13, -1.0226540106751906e-15, 5.050139963134371e-15, 0.245088972475636, 1.5032914946263716e-14]","[-9.126633017690103e-15, 3.394928755754099e-14, -2.4375573631197577e-15, -9.344462478631389e-15, 3.390883640900381e-14, -2.1208759306310846e-15, -8.011925274637485e-13, -4.5128444588295026e-15, 1.602088008241297e-14, 1.5032914946263716e-14, 0.2450889724756821]"
"[0.9449553855774511, -0.04889121676140116, -0.0010467520713211432, 0.4539429369981951, -0.04918097905460816, -0.0009305628130982191, 1.3909639611219454e-06, 4.375008228398317e-06, 0.2021737705256503, 1.6111085559797811e-06, 4.35396439182625e-06]","[-0.04889121676140116, 0.49666114263505107, 0.00011469053026114776, -0.04893246119588882, 0.005303445469750292, 0.00010068245238272675, -1.6250905349665604e-07, -5.11647970801983e-07, -0.02222654761885522, -1.8822898162897267e-07, -5.092112554485934e-07]","[-0.0010467520713211432, 0.00011469053026114776, 0.4913962879977504, -0.0010515310527109828, 0.00011410351168210904, 6.360085113504962e-06, -7.118098970639073e-08, -2.2525615524059579e-07, -0.00062857723568878, -8.244666591272169e-08, -2.2424553555173054e-07]","[0.4539429369981951, -0.04893246119588882, -0.0010515310527109828, 0.9457475332501667, -0.04923183536134494, -0.0009369344237170587, 1.4036266270288698e-06, 4.414366265751087e-06, 0.19569298110669986, 1.6257753203982086e-06, 4.393141325608401e-06]","[-0.04918097905460816, 0.005303445469750292, 0.00011410351168210904, -0.04923183536134494, 0.4967241270704103, 0.0001026363463715941, -1.6229649136466007e-07, -5.10771409827084e-07, -0.020612874846084806, -1.8798277818662382e-07, -5.083406991081127e-07]","[-0.0009305628130982191, 0.00010068245238272675, 6.360085113504962e-06, -0.0009369344237170587, 0.0001026363463715941, 0.49139185365658405, -6.750462102679264e-08, -2.1338693005029543e-07, 3.409532728649962e-05, -7.818844584174698e-08, -2.1243604884744386e-07]","[1.3909639611219454e-06, -1.6250905349665604e-07, -7.118098970639073e-08, 1.4036266270288698e-06, -1.6229649136466007e-07, -6.750462102679264e-08, 0.4913869445560315, 1.5172226524555473e-06, -9.916561871497935e-07, 5.594539649938619e-07, 1.5099841819975186e-06]","[4.375008228398317e-06, -5.11647970801983e-07, -2.2525615524059579e-07, 4.414366265751087e-06, -5.10771409827084e-07, -2.1338693005029543e-07, 1.5172226524555473e-06, 0.49139123434342036, -2.997891220729573e-06, 1.7573505893812892e-06, 4.749890031721433e-06]","[0.2021737705256503, -0.02222654761885522, -0.00062857723568878, 0.19569298110669986, -0.020612874846084806, 3.409532728649962e-05, -9.916561871497935e-07, -2.997891220729573e-06, 1.8975907937104732, -1.1486039534047256e-06, -2.9813200475179286e-06]","[1.6111085559797811e-06, -1.8822898162897267e-07, -8.244666591272169e-08, 1.6257753203982086e-06, -1.8798277818662382e-07, -7.818844584174698e-08, 5.594539649938619e-07, 1.7573505893812892e-06, -1.1486039534047256e-06, 0.4913871095453764, 1.748967795480037e-06]","[4.35396439182625e-06, -5.092112554485934e-07, -2.2424553555173054e-07, 4.393141325608401e-06, -5.083406991081127e-07, -2.1243604884744386e-07, 1.5099841819975186e-06, 4.749890031721433e-06, -2.9813200475179286e-06, 1.748967795480037e-06, 0.4913911886661226]"
"[0.09509713053713462, -0.0004712763490578177, -0.0008911022908917682, 0.001697991092776239, -0.000458458923279545, -0.0008683764879587728, 0.0008220538943792988, 0.0023475963392835626, 0.03338926299037431, 0.0009521587888251272, 0.0025164046085565917]","[-0.0004712763490578177, 0.09355423962608285, 0.00025123155130009236, -0.00047852156808570547, 0.00012943709502016138, 0.0002453623464365567, -0.00023581526405035884, -0.0006603136536812385, -0.009297173191754975, -0.0002731372953875745, -0.0007087963844210718]","[-0.0008911022908917682, 0.00025123155130009236, 0.09389881829033807, -0.0009101229910269226, 0.00024710531573998777, 0.0004691413923176082, -0.0004727792446906757, -0.001251913389043917, -0.016990414535718798, -0.0005476051142122934, -0.0013489385985739919]","[0.001697991092776239, -0.00047852156808570547, -0.0009101229910269226, 0.09516101087795237, -0.00047265793709004393, -0.0008975862524375577, 0.0009279928588896623, 0.002391632201130318, 0.03172484446297954, 0.0010748645112696239, 0.0025813767106480454]","[-0.000458458923279545, 0.00012943709502016138, 0.00024710531573998777, -0.00047265793709004393, 0.09355054507094536, 0.0002453968292630225, -0.00026558857821749844, -0.000647123139766067, -0.00823944315711369, -0.0003076227752338674, -0.000701409852212638]","[-0.0008683764879587728, 0.0002453623464365567, 0.0004691413923176082, -0.0008975862524375577, 0.0002453968292630225, 0.0938887493185308, -0.0005147544751467448, -0.001227151411389588, -0.015355901228544105, -0.0005962236843881708, -0.0013323352334415955]","[0.0008220538943792988, -0.00023581526405035884, -0.0004727792446906757, 0.0009279928588896623, -0.00026558857821749844, -0.0005147544751467448, 0.09430849672996153, 0.001225653404216613, 0.005659110822636125, 0.0010273191026740998, 0.001402791403672955]","[0.0023475963392835626, -0.0006603136536812385, -0.001251913389043917, 0.002391632201130318, -0.000647123139766067, -0.001227151411389588, 0.001225653404216613, 0.09675244321023392, 0.045233520266104964, 0.0014196352272982228, 0.0035791347727707925]","[0.03338926299037431, -0.009297173191754975, -0.016990414535718798, 0.03172484446297954, -0.00823944315711369, -0.015355901228544105, 0.005659110822636125, 0.045233520266104964, 0.9981012070598434, 0.00655476750524276, 0.04650447519447192]","[0.0009521587888251272, -0.0002731372953875745, -0.0005476051142122934, 0.0010748645112696239, -0.0003076227752338674, -0.0005962236843881708, 0.0010273191026740998, 0.0014196352272982228, 0.00655476750524276, 0.09461146352633239, 0.001624808528647216]","[0.0025164046085565917, -0.0007087963844210718, -0.0013489385985739919, 0.0025813767106480454, -0.000701409852212638, -0.0013323352334415955, 0.001402791403672955, 0.0035791347727707925, 0.04650447519447192, 0.001624808528647216, 0.09728459618298]"
"[0.3854433057281156, -0.00953615818175597, 0.006819641811643671, 0.008844998638022029, -0.00947257276445498, 0.006694636686497706, -0.012492259604200796, -0.016148321635090536, -0.015646021042113923, -0.014489747194103916, -0.016302368583992404]","[-0.00953615818175597, 0.3956900937908998, -0.011408275582792213, -0.009588690409719998, 0.018961278859928505, -0.011217675461108774, 0.016026025632730728, 0.01969928267662927, 0.026351743858460314, 0.01849407917143317, 0.019862518300183055]","[0.006819641811643671, -0.011408275582792213, 0.38445045049915827, 0.006851589181578025, -0.01135230520268423, 0.0076726812983717845, -0.012999948707958583, -0.015865596582988663, -0.017670470857112534, -0.01506474942795984, -0.016095332033734696]","[0.008844998638022029, -0.009588690409719998, 0.006851589181578025, 0.38551678938370687, -0.0095270919919479, 0.006726398061030919, -0.012548874963782207, -0.016228976811222956, -0.015173006128455126, -0.014555603068826754, -0.016382631398326127]","[-0.00947257276445498, 0.018961278859928505, -0.01135230520268423, -0.0095270919919479, 0.3955057537611092, -0.011163292214912685, 0.01591901812421295, 0.01957020804413098, 0.0252431669782801, 0.01837139449693096, 0.019732804762048098]","[0.006694636686497706, -0.011217675461108774, 0.0076726812983717845, 0.006726398061030919, -0.011163292214912685, 0.3841807537028966, -0.012764672410655122, -0.015572836774237478, -0.017335035484008696, -0.014792412649312222, -0.015799087607394457]","[-0.012492259604200796, 0.016026025632730728, -0.012999948707958583, -0.012548874963782207, 0.01591901812421295, -0.012764672410655122, 0.4082260674527417, 0.03893680835850763, 0.032196012255520844, 0.03668999491442273, 0.03954193489827099]","[-0.016148321635090536, 0.01969928267662927, -0.015865596582988663, -0.016228976811222956, 0.01957020804413098, -0.015572836774237478, 0.03893680835850763, 0.42588399553935374, 0.03656547617288314, 0.04523984036064794, 0.049926796596357015]","[-0.015646021042113923, 0.026351743858460314, -0.017670470857112534, -0.015173006128455126, 0.0252431669782801, -0.017335035484008696, 0.032196012255520844, 0.03656547617288314, 0.7597617062267059, 0.037168958406623265, 0.03708332532763238]","[-0.014489747194103916, 0.01849407917143317, -0.01506474942795984, -0.014555603068826754, 0.01837139449693096, -0.014792412649312222, 0.03668999491442273, 0.04523984036064794, 0.037168958406623265, 0.4192595960634692, 0.04595236749669219]","[-0.016302368583992404, 0.019862518300183055, -0.016095332033734696, -0.016382631398326127, 0.019732804762048098, -0.015799087607394457, 0.03954193489827099, 0.049926796596357015, 0.03708332532763238, 0.04595236749669219, 0.42727210209712474]"
"[0.4746992071608202, -0.03301783205775259, -0.0004980529208812748, 0.30650049746754304, -0.03303077245146532, -0.00047029251918203957, 5.184369622875708e-05, 0.00016011048862555967, 0.0028570826440905833, 6.0040095405333286e-05, 0.00015935038991429649]","[-0.03301783205775259, 0.1724291584870184, 5.711958890131834e-05, -0.03309079077455814, 0.003568642891400033, 5.226251854648868e-05, -5.865375676909397e-06, -1.811938429561194e-05, -0.00016780167190450542, -6.792652932299527e-06, -1.8034370968532613e-05]","[-0.0004980529208812748, 5.711958890131834e-05, 0.16886516558219158, -0.0005002250055567291, 5.598686204909035e-05, 3.4847998906266853e-06, -1.7465758111897724e-06, -5.40741351477941e-06, 1.5537530829107223e-05, -2.022935582869542e-06, -5.38535274813915e-06]","[0.30650049746754304, -0.03309079077455814, -0.0005002250055567291, 0.4760511224181662, -0.03311229641469666, -0.00047556008656407956, 5.214736062345323e-05, 0.00016104034767763388, -0.0006774259420277906, 6.0391847180541646e-05, 0.00016027628652287782]","[-0.03303077245146532, 0.003568642891400033, 5.598686204909035e-05, -0.03311229641469666, 0.17243287739568794, 5.373574346713578e-05, -5.8620033973206565e-06, -1.8105600514927993e-05, 0.000887632714457878, -6.788750340442401e-06, -1.8020710388629893e-05]","[-0.00047029251918203957, 5.226251854648868e-05, 3.4847998906266853e-06, -0.00047556008656407956, 5.373574346713578e-05, 0.16886316685793745, -1.668856555722439e-06, -5.162399541505213e-06, 0.0004811048773265261, -1.932921723840524e-06, -5.141560498002613e-06]","[5.184369622875708e-05, -5.865375676909397e-06, -1.7465758111897724e-06, 5.214736062345323e-05, -5.8620033973206565e-06, -1.668856555722439e-06, 0.1688727555472233, 4.008663190581335e-05, -1.716608295901568e-05, 1.5046964251020438e-05, 3.99031508761458e-05]","[0.00016011048862555967, -1.811938429561194e-05, -5.40741351477941e-06, 0.00016104034767763388, -1.8105600514927993e-05, -5.162399541505213e-06, 4.008663190581335e-05, 0.16898358059361035, -5.141889847376901e-05, 4.643106557542458e-05, 0.0001232445999448598]","[0.0028570826440905833, -0.00016780167190450542, 1.5537530829107223e-05, -0.0006774259420277906, 0.000887632714457878, 0.0004811048773265261, -1.716608295901568e-05, -5.141889847376901e-05, 0.6635556170391022, -1.9878534294575646e-05, -5.107574529995561e-05]","[6.0040095405333286e-05, -6.792652932299527e-06, -2.022935582869542e-06, 6.0391847180541646e-05, -6.788750340442401e-06, -1.932921723840524e-06, 1.5046964251020438e-05, 4.643106557542458e-05, -1.9878534294575646e-05, 0.1688772107232632, 4.625072003430603e-05]","[0.00015935038991429649, -1.8034370968532613e-05, -5.38535274813915e-06, 0.00016027628652287782, -1.8020710388629893e-05, -5.141560498002613e-06, 3.99031508761458e-05, 0.0001232445999448598, -5.107574529995561e-05, 4.625072003430603e-05, 0.1689825000017178]"
"[0.3443056665518629, -0.010791096634816859, 0.007764743598742925, 0.010202392141257862, -0.010721909562013621, 0.007622457368389966, -0.014826672756322825, -0.019463056815686455, -0.016973132757563753, -0.017218390319764694, -0.01965148221455861]","[-0.010791096634816859, 0.3528880669702601, -0.011857468989009886, -0.010845680463238921, 0.01864560123261, -0.01165128240763137, 0.018790308867590637, 0.023480549427424238, 0.027203778038802445, 0.02173571236086673, 0.023706511616298526]","[0.007764743598742925, -0.011857468989009886, 0.34252133070870633, 0.007800081393257067, -0.011797081422590812, 0.008224615714465828, -0.015045175191584801, -0.018646692316574093, -0.01878049724546843, -0.01745118941145832, -0.018907960603523167]","[0.010202392141257862, -0.010845680463238921, 0.007800081393257067, 0.3443924253737368, -0.010778363502489657, 0.007657480961600449, -0.014896192416663085, -0.01956121076843911, -0.016528012909209185, -0.017299257694848937, -0.0197494036214371]","[-0.010721909562013621, 0.01864560123261, -0.011797081422590812, -0.010778363502489657, 0.35269950049755927, -0.011592529897013598, 0.018666378478002343, 0.023328372504590033, 0.026131897019606807, 0.02159303620729299, 0.023553129716552934]","[0.007622457368389966, -0.01165128240763137, 0.008224615714465828, 0.007657480961600449, -0.011592529897013598, 0.34222935753283895, -0.014769169353151602, -0.018298312280547777, -0.018422545243655608, -0.017131260686311135, -0.018555400602352817]","[-0.014826672756322825, 0.018790308867590637, -0.015045175191584801, -0.014896192416663085, 0.018666378478002343, -0.014769169353151602, 0.3707208760935111, 0.04558766889600315, 0.03619301894701266, 0.04248102654669724, 0.04624553639800291]","[-0.019463056815686455, 0.023480549427424238, -0.018646692316574093, -0.01956121076843911, 0.023328372504590033, -0.018298312280547777, 0.04558766889600315, 0.3924336775710249, 0.04168724750944116, 0.052979015262239644, 0.059036348087338576]","[-0.016973132757563753, 0.027203778038802445, -0.01878049724546843, -0.016528012909209185, 0.026131897019606807, -0.018422545243655608, 0.03619301894701266, 0.04168724750944116, 0.7085522294269488, 0.04185325646533501, 0.042297226998297466]","[-0.017218390319764694, 0.02173571236086673, -0.01745118941145832, -0.017299257694848937, 0.02159303620729299, -0.017131260686311135, 0.04248102654669724, 0.052979015262239644, 0.04185325646533501, 0.38350249276319937, 0.05375113944694031]","[-0.01965148221455861, 0.023706511616298526, -0.018907960603523167, -0.0197494036214371, 0.023553129716552934, -0.018555400602352817, 0.04624553639800291, 0.059036348087338576, 0.042297226998297466, 0.05375113944694031, 0.39396292885884643]"
"[0.4666012957028371, -0.0057028798693255596, 0.004218058026540944, 0.004151958624383615, -0.005660681483979729, 0.004142938756850804, -0.007878163027053223, -0.009651902808512247, -0.01285258018999694, -0.009127725912521898, -0.009790870716560172]","[-0.0057028798693255596, 0.47417620450517395, -0.007616148386598691, -0.005720894229681011, 0.01165178124794628, -0.0074865807571792425, 0.011270714593364395, 0.013184280947073697, 0.021489041571161, 0.013006138355823593, 0.013373002146401289]","[0.004218058026540944, -0.007616148386598691, 0.4679784285763543, 0.004229174188903222, -0.007574980330269084, 0.005424890276801959, -0.009224951228992525, -0.010741665959708019, -0.014982369863337352, -0.010683148151479962, -0.01094799709205473]","[0.004151958624383615, -0.005720894229681011, 0.004229174188903222, 0.466621861370904, -0.005680909063623619, 0.0041541532455856775, -0.007907240052378592, -0.009695994716086261, -0.012336156773990348, -0.009161528288247043, -0.009834248594856999]","[-0.005660681483979729, 0.01165178124794628, -0.007574980330269084, -0.005680909063623619, 0.4740498641673478, -0.007446662672745032, 0.011189339305617671, 0.013091593261534406, 0.020375383962734805, 0.012912658069084142, 0.013278987479515844]","[0.004142938756850804, -0.0074865807571792425, 0.005424890276801959, 0.0041541532455856775, -0.007446662672745032, 0.46779343161165515, -0.009061196538385786, -0.01054701736223688, -0.01469636786900609, -0.010493700584944839, -0.010750146421788898]","[-0.007878163027053223, 0.011270714593364395, -0.009224951228992525, -0.007907240052378592, 0.011189339305617671, -0.009061196538385786, 0.4849298694996187, 0.026711768023231837, 0.026430023070290888, 0.026072609677512234, 0.02717990452659179]","[-0.009651902808512247, 0.013184280947073697, -0.010741665959708019, -0.009695994716086261, 0.013091593261534406, -0.01054701736223688, 0.026711768023231837, 0.495062109872381, 0.028942367358759834, 0.031001181254218253, 0.033099552326779205]","[-0.01285258018999694, 0.021489041571161, -0.014982369863337352, -0.012336156773990348, 0.020375383962734805, -0.01469636786900609, 0.026430023070290888, 0.028942367358759834, 0.848998009535883, 0.03053334537657559, 0.029504289830689426]","[-0.009127725912521898, 0.013006138355823593, -0.010683148151479962, -0.009161528288247043, 0.012912658069084142, -0.010493700584944839, 0.026072609677512234, 0.031001181254218253, 0.03053334537657559, 0.4927173713001464, 0.03154991211219233]","[-0.009790870716560172, 0.013373002146401289, -0.01094799709205473, -0.009834248594856999, 0.013278987479515844, -0.010750146421788898, 0.02717990452659179, 0.033099552326779205, 0.029504289830689426, 0.03154991211219233, 0.49607995550550227]"
"[0.3961779067491152, 3.8049668173417e-05, 0.00025480007425944615, 7.949342147542953e-05, 3.955138066380721e-05, -6.556735737989531e-05, 3.7286066888034166e-06, 3.89358862666879e-06, 5.349476616049086e-06, 5.037367937530064e-06, 4.8821994874060235e-06]","[3.8049668173417e-05, 0.3961175193398117, 0.00011232760318901016, 3.7556821873146604e-05, 2.079895209730552e-05, -3.1965986279970735e-05, 3.1106648824076134e-06, 3.248488807196024e-06, 1.2497481580800136e-06, 4.202415941268508e-06, 4.073133992027817e-06]","[0.00025480007425944615, 0.00011232760318901016, 0.3969623933542734, 0.0002517184385785681, 0.00011709633190521279, -0.00020419163590126426, 8.118020668162834e-06, 8.477093523087902e-06, 3.313592048769405e-05, 1.096755990120809e-05, 1.0629602785441532e-05]","[7.949342147542953e-05, 3.7556821873146604e-05, 0.0002517184385785681, 0.39617596786856646, 3.904003292671274e-05, -6.47549414928937e-05, 3.6476896328081507e-06, 3.8090991635677638e-06, 5.207955031143023e-06, 4.928044185335401e-06, 4.776250525496074e-06]","[3.955138066380721e-05, 2.079895209730552e-05, 0.00011709633190521279, 3.904003292671274e-05, 0.39611898166976145, -3.319607298573875e-05, 3.2029079905424435e-06, 3.3447921072311527e-06, 1.3328717831387487e-06, 4.3270486785952685e-06, 4.193908246395753e-06]","[-6.556735737989531e-05, -3.1965986279970735e-05, -0.00020419163590126426, -6.47549414928937e-05, -3.319607298573875e-05, 0.3961513278731134, -3.7842750736054617e-06, -3.9518284841049715e-06, -3.864140532833363e-06, -5.112513449336758e-06, -4.955128380709106e-06]","[3.7286066888034166e-06, 3.1106648824076134e-06, 8.118020668162834e-06, 3.6476896328081507e-06, 3.2029079905424435e-06, -3.7842750736054617e-06, 0.3960991955950853, 1.8371460094662007e-06, 6.0158101129168485e-09, 2.3750264595729713e-06, 2.3027527420373835e-06]","[3.89358862666879e-06, 3.248488807196024e-06, 8.477093523087902e-06, 3.8090991635677638e-06, 3.3447921072311527e-06, -3.9518284841049715e-06, 1.8371460094662007e-06, 0.3960993573673743, 8.367380969513175e-09, 2.4810577427626474e-06, 2.406177812072321e-06]","[5.349476616049086e-06, 1.2497481580800136e-06, 3.313592048769405e-05, 5.207955031143023e-06, 1.3328717831387487e-06, -3.864140532833363e-06, 6.0158101129168485e-09, 8.367380969513175e-09, 0.39611035871761585, 6.970729462546245e-09, 8.647447378525873e-09]","[5.037367937530064e-06, 4.202415941268508e-06, 1.096755990120809e-05, 4.928044185335401e-06, 4.3270486785952685e-06, -5.112513449336758e-06, 2.3750264595729713e-06, 2.4810577427626474e-06, 6.970729462546245e-09, 0.39610064538511813, 3.110188734934042e-06]","[4.8821994874060235e-06, 4.073133992027817e-06, 1.0629602785441532e-05, 4.776250525496074e-06, 4.193908246395753e-06, -4.955128380709106e-06, 2.3027527420373835e-06, 2.406177812072321e-06, 8.647447378525873e-09, 3.110188734934042e-06, 0.39610045300405544]"
"[0.015664818426527106, -0.004044617485468723, 0.003106322801244438, 0.0024655758478550954, -0.004014286516969552, 0.003053110339239239, -0.005689507946947571, -0.006608786124356347, -0.010836729949061588, -0.006589615741779727, -0.006739315247589455]","[-0.004044617485468723, 0.021334371292958183, -0.005810973669397184, -0.004049040820111684, 0.008089068484280664, -0.005714567418727633, 0.008856661088069342, 0.00988579307622047, 0.017849569193877608, 0.010234948405783253, 0.010099320454073633]","[0.003106322801244438, -0.005810973669397184, 0.01762820412356174, 0.0031095189832891605, -0.00578054771661784, 0.004355680776425906, -0.007246019754474281, -0.008070656969795063, -0.01279107992098628, -0.00839094607726942, -0.008266613092362754]","[0.0024655758478550954, -0.004049040820111684, 0.0031095189832891605, 0.015667930190506725, -0.0040209613806681255, 0.003056531656986368, -0.005706330327319279, -0.006636551878423471, -0.010319551055666908, -0.006609151322037604, -0.00676618906095067]","[-0.004014286516969552, 0.008089068484280664, -0.00578054771661784, -0.0040209613806681255, 0.021248501944107344, -0.005685157951342044, 0.00879177457265338, 0.00981542507398315, 0.01678105539955366, 0.01016015318466306, 0.010027197633649579]","[0.003053110339239239, -0.005714567418727633, 0.004355680776425906, 0.003056531656986368, -0.005685157951342044, 0.017484854932229555, -0.007120445888107945, -0.00792777684836367, -0.012551867121106487, -0.008245620898640194, -0.008120614270952849]","[-0.005689507946947571, 0.008856661088069342, -0.007246019754474281, -0.005706330327319279, 0.00879177457265338, -0.007120445888107945, 0.03067567382407829, 0.020069425211043733, 0.022518818600524963, 0.020259880353391425, 0.020461107902908796]","[-0.006608786124356347, 0.00988579307622047, -0.008070656969795063, -0.006636551878423471, 0.00981542507398315, -0.00792777684836367, 0.020069425211043733, 0.0368766110077708, 0.023979074411615876, 0.023270426213269635, 0.02407163327641653]","[-0.010836729949061588, 0.017849569193877608, -0.01279107992098628, -0.010319551055666908, 0.01678105539955366, -0.012551867121106487, 0.022518818600524963, 0.023979074411615876, 0.39036392899550393, 0.026044497245967836, 0.02455844188635361]","[-0.006589615741779727, 0.010234948405783253, -0.00839094607726942, -0.006609151322037604, 0.01016015318466306, -0.008245620898640194, 0.020259880353391425, 0.023270426213269635, 0.026044497245967836, 0.036690807451715234, 0.023727002852808775]","[-0.006739315247589455, 0.010099320454073633, -0.008266613092362754, -0.00676618906095067, 0.010027197633649579, -0.008120614270952849, 0.020461107902908796, 0.02407163327641653, 0.02455844188635361, 0.023727002852808775, 0.03768675953417415]"
"[0.6273117573169562, -0.1770401302817836, 0.1420111284993813, 0.4300441093552523, -0.17608652750475795, 0.14031094188553744, -0.07084903280787705, -0.09220389452444021, 0.14714205316558765, -0.08141327497531492, -0.08869276374146974]","[-0.1770401302817836, 0.2847337494420575, -0.06256152569196256, -0.17814248530855126, 0.08427308069127651, -0.061691173199831625, 0.052019552685024034, 0.07482848004098383, -0.035036027348769774, 0.06025059120094937, 0.07386086600537103]","[0.1420111284993813, -0.06256152569196256, 0.2503212510538921, 0.14293399576573562, -0.06222731312604351, 0.049631512922528404, -0.03311003349016491, -0.04413853409283689, 0.042625302185375226, -0.0383312994092569, -0.0431577488258764]","[0.4300441093552523, -0.17814248530855126, 0.14293399576573562, 0.6329103927957054, -0.17718307169544362, 0.14122431359947712, -0.07121146163323652, -0.09262043928104603, 0.14855956297903633, -0.08182758855198119, -0.08908202089977972]","[-0.17608652750475795, 0.08427308069127651, -0.06222731312604351, -0.17718307169544362, 0.2839279864053355, -0.061361192303373155, 0.051813246080926814, 0.07455849908810101, -0.034833282646699514, 0.06001189566631983, 0.07359843164715645]","[0.14031094188553744, -0.061691173199831625, 0.049631512922528404, 0.14122431359947712, -0.061361192303373155, 0.2490642657405888, -0.03246105436890103, -0.04319604854358666, 0.04252069033856871, -0.037576766496790565, -0.04222036001662755]","[-0.07084903280787705, 0.052019552685024034, -0.03311003349016491, -0.07121146163323652, 0.051813246080926814, -0.03246105436890103, 0.26353576747610863, 0.09570252539948426, 0.027674794971440896, 0.07403467046572508, 0.09617396316276514]","[-0.09220389452444021, 0.07482848004098383, -0.04413853409283689, -0.09262043928104603, 0.07455849908810101, -0.04319604854358666, 0.09570252539948426, 0.35064639743892656, 0.05123881582817224, 0.11190800753075471, 0.15142665975593952]","[0.14714205316558765, -0.035036027348769774, 0.042625302185375226, 0.14855956297903633, -0.034833282646699514, 0.04252069033856871, 0.027674794971440896, 0.05123881582817224, 0.43689007011780323, 0.032905127895013146, 0.05390157292717737]","[-0.08141327497531492, 0.06025059120094937, -0.0383312994092569, -0.08182758855198119, 0.06001189566631983, -0.037576766496790565, 0.07403467046572508, 0.11190800753075471, 0.032905127895013146, 0.2865600289817627, 0.11248570776753213]","[-0.08869276374146974, 0.07386086600537103, -0.0431577488258764, -0.08908202089977972, 0.07359843164715645, -0.04222036001662755, 0.09617396316276514, 0.15142665975593952, 0.05390157292717737, 0.11248570776753213, 0.3524042989187921]"
"[0.2783770711846345, 0.058679301270761416, -0.05251244167371582, 0.0398392121101293, 0.05946359501287397, -0.051761614446050375, 0.057192717525250014, 0.09110143501798215, -0.0530221038998852, 0.06752684125171031, 0.09618012007913684]","[0.058679301270761416, 0.41740331290308275, -0.11439452287353516, 0.05731908819923387, 0.18109933444230833, -0.11230336229945545, 0.18541714707974832, 0.34371670011413413, -0.12272033957366897, 0.21567331626424904, 0.35148232630919607]","[-0.05251244167371582, -0.11439452287353516, 0.3225007904989806, -0.05160864322658652, -0.11564255009571539, 0.08297723189269103, -0.1184964220392863, -0.2062188100531963, 0.08229574465990469, -0.1386052851908563, -0.21355108628736133]","[0.0398392121101293, 0.05731908819923387, -0.05160864322658652, 0.27748772603104493, 0.0580894912483375, -0.05087572363744655, 0.05564527355718952, 0.08833865638870948, -0.052891105426078944, 0.06570441094887979, 0.09332512438629216]","[0.05946359501287397, 0.18109933444230833, -0.11564255009571539, 0.0580894912483375, 0.42100027172150245, -0.11353678047576295, 0.18698336119543246, 0.3466116281111127, -0.12645927845767593, 0.2175545505120077, 0.35444781371490847]","[-0.051761614446050375, -0.11230336229945545, 0.08297723189269103, -0.05087572363744655, -0.11353678047576295, 0.3196990880193431, -0.11615998048577468, -0.20194021672336993, 0.08214466864497678, -0.1359052520978741, -0.20916133693112798]","[0.057192717525250014, 0.18541714707974832, -0.1184964220392863, 0.05564527355718952, 0.18698336119543246, -0.11615998048577468, 0.46234775734951195, 0.4116578466886074, -0.08322306307503705, 0.2593482790361897, 0.4212770720473637]","[0.09110143501798215, 0.34371670011413413, -0.2062188100531963, 0.08833865638870948, 0.3466116281111127, -0.20194021672336993, 0.4116578466886074, 1.0232064419769138, -0.16068127678573207, 0.47433101657910404, 0.7977397644068295]","[-0.0530221038998852, -0.12272033957366897, 0.08229574465990469, -0.052891105426078944, -0.12645927845767593, 0.08214466864497678, -0.08322306307503705, -0.16068127678573207, 0.8472394437110002, -0.10257386910617501, -0.16294560673045586]","[0.06752684125171031, 0.21567331626424904, -0.1386052851908563, 0.06570441094887979, 0.2175545505120077, -0.1359052520978741, 0.2593482790361897, 0.47433101657910404, -0.10257386910617501, 0.5384785128572622, 0.48597660061294723]","[0.09618012007913684, 0.35148232630919607, -0.21355108628736133, 0.09332512438629216, 0.35444781371490847, -0.20916133693112798, 0.4212770720473637, 0.7977397644068295, -0.16294560673045586, 0.48597660061294723, 1.0502817461276759]"
