"[1.0831671245035661, -0.18707108475369874, 0.2415984310537548, 0.9854930824240659, -0.18694935882794134, 0.2411274140634402, 0.08145013229889721, 0.08879100480427388, -0.03469914352802634, 0.08174234922492231, 0.08916060437859914]","[-0.18707108475369874, 1.3222810782845755, 0.2289618325347074, -0.18726513362372874, 1.2246201744426306, 0.22908414179156236, -0.060360932730367405, -0.0654792490256331, 0.04049440183595243, -0.06085052964313402, -0.06566042528751066]","[0.2415984310537548, 0.2289618325347074, 0.7766838415588626, 0.24134488235684637, 0.22917527341295857, 0.678819707384627, -0.03291849926543555, -0.053030985543286856, -0.0019850431665602917, -0.033446470567524166, -0.053524989964988216]","[0.9854930824240659, -0.18726513362372874, 0.24134488235684637, 1.0832448457871606, -0.18714343302456837, 0.2408740863720318, 0.08147481755263433, 0.08883029550554891, -0.03468240303221275, 0.08176731863473889, 0.08920061943561425]","[-0.18694935882794134, 1.2246201744426306, 0.22917527341295857, -0.18714343302456837, 1.322384774145893, 0.2292975735755581, -0.06036249177928301, -0.06548633206005909, 0.04051299507947822, -0.06085199689506365, -0.06566742591327739]","[0.2411274140634402, 0.22908414179156236, 0.678819707384627, 0.2408740863720318, 0.2292975735755581, 0.7763856949416734, -0.0329671630450229, -0.05303635229512873, -0.001621480962943266, -0.033496433248530987, -0.05353361700475826]","[0.08145013229889721, -0.060360932730367405, -0.03291849926543555, 0.08147481755263433, -0.06036249177928301, -0.0329671630450229, 0.2140963593860658, 0.10866503361855606, -0.02269487435537715, 0.11728510418279202, 0.10918145807452183]","[0.08879100480427388, -0.0654792490256331, -0.053030985543286856, 0.08883029550554891, -0.06548633206005909, -0.05303635229512873, 0.10866503361855606, 0.22404534876434473, -0.01480012419657856, 0.10939320048752274, 0.1264555016676713]","[-0.03469914352802634, 0.04049440183595243, -0.0019850431665602917, -0.03468240303221275, 0.04051299507947822, -0.001621480962943266, -0.02269487435537715, -0.01480012419657856, 0.25088961435204366, -0.022695829655388192, -0.014868431814700402]","[0.08174234922492231, -0.06085052964313402, -0.033446470567524166, 0.08176731863473889, -0.06085199689506365, -0.033496433248530987, 0.11728510418279202, 0.10939320048752274, -0.022695829655388192, 0.21623417649310514, 0.11043118641794344]","[0.08916060437859914, -0.06566042528751066, -0.053524989964988216, 0.08920061943561425, -0.06566742591327739, -0.05353361700475826, 0.10918145807452183, 0.1264555016676713, -0.014868431814700402, 0.11043118641794344, 0.22556949579001653]"
"[0.6326387559686645, 0.007557418292670039, -0.07976534328168003, 0.2965006930489555, 0.007598999189800253, -0.0798459005385183, -0.02366573495298114, -0.011988067288738804, -0.01832745421897353, -0.02767949521935453, -0.025263522526450866]","[0.007557418292670039, 0.590039617555651, -0.0865637941318247, 0.007471700348922753, 0.2539900543836543, -0.08626723574484527, 0.0536830212460361, 0.0892814540531168, 0.02024545425450647, 0.04988998867208114, 0.08445964114186746]","[-0.07976534328168003, -0.0865637941318247, 0.6660175672929846, -0.07950011255869076, -0.08652945282660852, 0.3295917594831351, -0.13354966281125435, -0.2360171374766939, -0.005795108941192538, -0.13609424564470443, -0.24405267164696717]","[0.2965006930489555, 0.007471700348922753, -0.07950011255869076, 0.6324643698295911, 0.0075132943812874905, -0.07958111189090987, -0.02378541872140664, -0.012181417423472351, -0.01835569426845124, -0.0277940152797372, -0.025443594955910045]","[0.007598999189800253, 0.2539900543836543, -0.08652945282660852, 0.0075132943812874905, 0.5900419425618609, -0.08623312104556377, 0.05366844060244224, 0.08925143415246899, 0.02017573430265398, 0.04987325643357851, 0.08442197359211787]","[-0.0798459005385183, -0.08626723574484527, 0.3295917594831351, -0.07958111189090987, -0.08623312104556377, 0.6652723453423974, -0.13308379929606945, -0.23508222069099252, -0.00541495380980185, -0.1357231708644137, -0.2433555146182323]","[-0.02366573495298114, 0.0536830212460361, -0.13354966281125435, -0.02378541872140664, 0.05366844060244224, -0.13308379929606945, 0.5767540207293544, 0.34781252391683176, 0.010135635182848738, 0.21298673147736305, 0.2946042277542778]","[-0.011988067288738804, 0.0892814540531168, -0.2360171374766939, -0.012181417423472351, 0.08925143415246899, -0.23508222069099252, 0.34781252391683176, 1.0120798650816976, 0.017482220822113346, 0.2885721495202411, 0.5280499793755983]","[-0.01832745421897353, 0.02024545425450647, -0.005795108941192538, -0.01835569426845124, 0.02017573430265398, -0.00541495380980185, 0.010135635182848738, 0.017482220822113346, 0.4839648186051294, 0.007879810146015263, 0.012642944809662165]","[-0.02767949521935453, 0.04988998867208114, -0.13609424564470443, -0.0277940152797372, 0.04987325643357851, -0.1357231708644137, 0.21298673147736305, 0.2885721495202411, 0.007879810146015263, 0.5660388568233921, 0.32793131718215124]","[-0.025263522526450866, 0.08445964114186746, -0.24405267164696717, -0.025443594955910045, 0.08442197359211787, -0.2433555146182323, 0.2946042277542778, 0.5280499793755983, 0.012642944809662165, 0.32793131718215124, 0.965765224887296]"
"[0.5484888519837363, -0.04797420342225746, 0.029372050627588006, 0.0490809219539732, -0.04799065176302426, 0.030518485964209804, 0.01698606304977971, -0.037108486828891056, 0.007494338069435801, 0.016496985342959496, -0.03573188068328286]","[-0.04797420342225746, 0.7376135025730125, -0.0522416072678306, -0.04791098971009805, 0.23827406674040352, -0.051133835696600634, 0.002603312226472157, -0.015234123886412036, 0.029963743058980443, -0.0009085136624999822, -0.0070297097251592906]","[0.029372050627588006, -0.0522416072678306, 0.6053806790740401, 0.029243193136284082, -0.052270082328314996, 0.10328760470040979, 0.032100105512809306, -0.05822212150099846, -0.0007256679322777683, 0.03193008586246416, -0.057501626046582426]","[0.0490809219539732, -0.04791098971009805, 0.029243193136284082, 0.5484071107875022, -0.04792742401377192, 0.030387626720957208, 0.01694143671836265, -0.037029351130492244, 0.007460519758757077, 0.016452219270611093, -0.03565286287292824]","[-0.04799065176302426, 0.23827406674040352, -0.052270082328314996, -0.04792742401377192, 0.7376685468668372, -0.051163452307892515, 0.0025732128516393065, -0.015164109049508583, 0.030019753193516442, -0.0009369928581705155, -0.006964460660201454]","[0.030518485964209804, -0.051133835696600634, 0.10328760470040979, 0.030387626720957208, -0.051163452307892515, 0.6045679598169905, 0.03338818165670365, -0.0608363074338599, -4.621335257013573e-05, 0.03327821638243957, -0.060249772561141515]","[0.01698606304977971, 0.002603312226472157, 0.032100105512809306, 0.01694143671836265, 0.0025732128516393065, 0.03338818165670365, 0.6401715520773424, -0.35377830264484983, 0.018750304833552806, 0.13310845070178365, -0.33483759835091725]","[-0.037108486828891056, -0.015234123886412036, -0.05822212150099846, -0.037029351130492244, -0.015164109049508583, -0.0608363074338599, -0.35377830264484983, 1.44832705933951, -0.04616549660986632, -0.335564888513207, 0.9010343954351738]","[0.007494338069435801, 0.029963743058980443, -0.0007256679322777683, 0.007460519758757077, 0.030019753193516442, -4.621335257013573e-05, 0.018750304833552806, -0.04616549660986632, 0.6041488885975648, 0.014788687851834771, -0.03635982556888876]","[0.016496985342959496, -0.0009085136624999822, 0.03193008586246416, 0.016452219270611093, -0.0009369928581705155, 0.03327821638243957, 0.13310845070178365, -0.335564888513207, 0.014788687851834771, 0.6395511301126141, -0.3520405778042027]","[-0.03573188068328286, -0.0070297097251592906, -0.057501626046582426, -0.03565286287292824, -0.006964460660201454, -0.060249772561141515, -0.33483759835091725, 0.9010343954351738, -0.03635982556888876, -0.3520405778042027, 1.4426391909144174]"
"[1.2486401733339936, 0.19743510350860602, -0.11584106146070519, 1.0047238814372095, 0.1973292575684285, -0.11570595679954802, 0.08399828057810756, -0.09527516854013407, 0.07147286298694053, 0.13164865796493763, 0.018155156448392357]","[0.19743510350860602, 0.7830350601342289, 0.1530408153953013, 0.19746731218949132, 0.5392289330503154, 0.15310455490326325, -0.05916105790007841, 0.0903404101167009, -0.008632888736988465, 0.265341097994155, -0.32405004977812624]","[-0.11584106146070519, 0.1530408153953013, 0.7448550487979503, -0.11573519924845783, 0.1533210115023779, 0.5008700618591139, -0.12365173874453984, 0.14217289510334397, 0.025339411546872533, 0.04454039117912502, -0.12892370116177485]","[1.0047238814372095, 0.19746731218949132, -0.11573519924845783, 1.2485818082737643, 0.19736150628336743, -0.11560044134099538, 0.08394104421536637, -0.09517537524025026, 0.07164205885385717, 0.13171629606206142, 0.018088998321113485]","[0.1973292575684285, 0.5392289330503154, 0.1533210115023779, 0.19736150628336743, 0.7831967079885143, 0.1533847100762504, -0.059209650209294654, 0.09036264477798346, -0.008670422726362212, 0.26534642865789354, -0.3240890159884971]","[-0.11570595679954802, 0.15310455490326325, 0.5008700618591139, -0.11560044134099538, 0.1533847100762504, 0.7446693043412148, -0.12411127438489587, 0.14319379481619365, 0.02477964901035, 0.04510093143202246, -0.13005409638256055]","[0.08399828057810756, -0.05916105790007841, -0.12365173874453984, 0.08394104421536637, -0.059209650209294654, -0.12411127438489587, 0.4427267624237263, -0.37910267173202306, -0.02127665322721006, -0.12862911202392452, 0.27816365307497465]","[-0.09527516854013407, 0.0903404101167009, 0.14217289510334397, -0.09517537524025026, 0.09036264477798346, 0.14319379481619365, -0.37910267173202306, 1.120519626565589, 0.05960221126717629, 0.3401409648947209, -0.6136940238604499]","[0.07147286298694053, -0.008632888736988465, 0.025339411546872533, 0.07164205885385717, -0.008670422726362212, 0.02477964901035, -0.02127665322721006, 0.05960221126717629, 0.4573483294656267, 0.030885773714111008, -0.022200326232741575]","[0.13164865796493763, 0.265341097994155, 0.04454039117912502, 0.13171629606206142, 0.26534642865789354, 0.04510093143202246, -0.12862911202392452, 0.3401409648947209, 0.030885773714111008, 0.6669379834158162, -0.5764899592059965]","[0.018155156448392357, -0.32405004977812624, -0.12892370116177485, 0.018088998321113485, -0.3240890159884971, -0.13005409638256055, 0.27816365307497465, -0.6136940238604499, -0.022200326232741575, -0.5764899592059965, 1.292740147076356]"
"[0.8615489284886637, -0.22873053309548075, -0.004869497073149111, 0.38145753353032136, -0.22873417760528997, -0.004774277790816203, -0.14202881394296699, 0.011472047005641906, 0.010501928996014532, -0.1456191771229772, 0.012041021045872222]","[-0.22873053309548075, 1.6116847324961383, 0.34156219735388677, -0.22881236031712396, 1.1316870599581752, 0.3414244093630427, 0.04272381724702136, -0.020122052100862698, -0.044484773554982336, 0.041756893676642294, -0.020081396398666046]","[-0.004869497073149111, 0.34156219735388677, 0.8309581636522814, -0.004942697456237123, 0.3416846398651561, 0.350776194576513, 0.02250322252412628, -0.004382670918740375, -0.012883928585266533, 0.020631118635960195, -0.005713976273986043]","[0.38145753353032136, -0.22881236031712396, -0.004942697456237123, 0.8615998598104735, -0.2288160091599722, -0.004847417829459075, -0.14203192521624391, 0.011475843237530302, 0.010560476050648956, -0.14561788911481374, 0.012043639729481958]","[-0.22873417760528997, 1.1316870599581752, 0.3416846398651561, -0.2288160091599722, 1.61192304520461, 0.3415468490984513, 0.04274102306073682, -0.02012511600175417, -0.044466928287031006, 0.041773058947794456, -0.020085108638554366]","[-0.004774277790816203, 0.3414244093630427, 0.350776194576513, -0.004847417829459075, 0.3415468490984513, 0.8308288128846382, 0.02250596853534667, -0.00431433887951077, -0.012833911982952513, 0.020624125026685116, -0.005646976759198212]","[-0.14202881394296699, 0.04272381724702136, 0.02250322252412628, -0.14203192521624391, 0.04274102306073682, 0.02250596853534667, 0.6705364000937685, 0.008582627388688594, 0.012139896767425737, 0.17546070662564392, 0.00853070763901127]","[0.011472047005641906, -0.020122052100862698, -0.004382670918740375, 0.011475843237530302, -0.02012511600175417, -0.00431433887951077, 0.008582627388688594, 0.516180744982007, 0.003320707289181897, 0.00824390363571477, 0.03411022442272801]","[0.010501928996014532, -0.044484773554982336, -0.012883928585266533, 0.010560476050648956, -0.044466928287031006, -0.012833911982952513, 0.012139896767425737, 0.003320707289181897, 0.6003851624962412, 0.013981094347126563, 0.0031867809309578765]","[-0.1456191771229772, 0.041756893676642294, 0.020631118635960195, -0.14561788911481374, 0.041773058947794456, 0.020624125026685116, 0.17546070662564392, 0.00824390363571477, 0.013981094347126563, 0.674388386193207, 0.004395438718508566]","[0.012041021045872222, -0.020081396398666046, -0.005713976273986043, 0.012043639729481958, -0.020085108638554366, -0.005646976759198212, 0.00853070763901127, 0.03411022442272801, 0.0031867809309578765, 0.004395438718508566, 0.5164110949316411]"
"[0.23982918008344045, 0.0218675425453572, 0.024250841051434, 0.0307452871183087, 0.02187171948243918, 0.024209529058533092, 0.03719995566817958, -0.021227036348491685, 0.01636016563210598, 0.03705718117313332, -0.021527303077666624]","[0.0218675425453572, 0.2969432410608508, -0.02188389049187343, 0.02187318328755465, 0.08781848508941004, -0.02199370349219858, 0.16346658246864648, -0.05553358154224947, 0.015214590129439416, 0.1627622933705645, -0.054367617602839105]","[0.024250841051434, -0.02188389049187343, 0.4484152164642967, 0.02435221344052799, -0.02179601737143964, 0.23940382816314756, -0.03706253744695824, 0.017032193257864044, 0.053418728260564284, -0.0406897943504584, 0.011392738904774779]","[0.0307452871183087, 0.02187318328755465, 0.02435221344052799, 0.23985299645225322, 0.02187739507629011, 0.0243109767946606, 0.03722803477106623, -0.021215723345126992, 0.01640828109099554, 0.03708517563076288, -0.021519303671077343]","[0.02187171948243918, 0.08781848508941004, -0.02179601737143964, 0.02187739507629011, 0.29688530240447775, -0.021905748410512037, 0.16341341928153513, -0.05550953966737255, 0.015220672655567563, 0.16270969032852775, -0.054345624187814974]","[0.024209529058533092, -0.02199370349219858, 0.23940382816314756, 0.0243109767946606, -0.021905748410512037, 0.4485858412725764, -0.03718575774046122, 0.0174238323205324, 0.053584435620259364, -0.04078347279279849, 0.011777931308447454]","[0.03719995566817958, 0.16346658246864648, -0.03706253744695824, 0.03722803477106623, 0.16341341928153513, -0.03718575774046122, 0.693852354078898, -0.07731465011090499, 0.06297544706986768, 0.4568851209293214, -0.06921096853620612]","[-0.021227036348491685, -0.05553358154224947, 0.017032193257864044, -0.021215723345126992, -0.05550953966737255, 0.0174238323205324, -0.07731465011090499, 0.407860882384701, 0.023770304239380573, -0.0651284040919197, 0.19198426990577286]","[0.01636016563210598, 0.015214590129439416, 0.053418728260564284, 0.01640828109099554, 0.015220672655567563, 0.053584435620259364, 0.06297544706986768, 0.023770304239380573, 0.387273368073792, 0.0692619412808913, 0.02299087487193946]","[0.03705718117313332, 0.1627622933705645, -0.0406897943504584, 0.03708517563076288, 0.16270969032852775, -0.04078347279279849, 0.4568851209293214, -0.0651284040919197, 0.0692619412808913, 0.5336326852659498, -0.06620291854379341]","[-0.021527303077666624, -0.054367617602839105, 0.011392738904774779, -0.021519303671077343, -0.054345624187814974, 0.011777931308447454, -0.06921096853620612, 0.19198426990577286, 0.02299087487193946, -0.06620291854379341, 0.23857985710791338]"
"[0.9109238172930652, -0.18916293078057556, -0.05824731643235514, 0.4212956643597053, -0.18915048350252248, -0.05839891058874801, 0.035492668824981956, -0.005717567662803108, -0.014776225881120255, 0.027089225939721184, -0.038648013812861794]","[-0.18916293078057556, 1.7000310384308297, 0.046426093455541266, -0.18918217930844047, 1.2103277032016944, 0.0464677591049934, 0.011798849464575541, 0.09105085162677307, 0.02010245222080155, 0.03176366605400367, 0.13662256003647963]","[-0.05824731643235514, 0.046426093455541266, 0.6649960928698427, -0.0584665556451718, 0.04640141094139037, 0.17524840069530134, -0.07521699218548916, -0.13416645070401562, -0.002286949128903213, -0.07766369134399465, -0.14945868954624045]","[0.4212956643597053, -0.18918217930844047, -0.0584665556451718, 0.9110636029498491, -0.1891697104405398, -0.05861801677639612, 0.03560286409191179, -0.005503876018156083, -0.014785585714281718, 0.02719055879335426, -0.03843852359375658]","[-0.18915048350252248, 1.2103277032016944, 0.04640141094139037, -0.1891697104405398, 1.7000201419498135, 0.04644315479048671, 0.011799512637188784, 0.09104246654834394, 0.020124784545492606, 0.03175784477876745, 0.13660976848692363]","[-0.05839891058874801, 0.0464677591049934, 0.17524840069530134, -0.05861801677639612, 0.04644315479048671, 0.6648992918688705, -0.07499040404844409, -0.1335106819274183, -0.002182106561855503, -0.07766566567380916, -0.1492352286698818]","[0.035492668824981956, 0.011798849464575541, -0.07521699218548916, 0.03560286409191179, 0.011799512637188784, -0.07499040404844409, 0.6641467689342478, 0.39801551313742217, 0.0015373260462397762, 0.14097967696158673, 0.3218016337581168]","[-0.005717567662803108, 0.09105085162677307, -0.13416645070401562, -0.005503876018156083, 0.09104246654834394, -0.1335106819274183, 0.39801551313742217, 1.4930455048927362, 0.005611152083530586, 0.3152656985753488, 0.8111962139556222]","[-0.014776225881120255, 0.02010245222080155, -0.002286949128903213, -0.014785585714281718, 0.020124784545492606, -0.002182106561855503, 0.0015373260462397762, 0.005611152083530586, 0.5474542353375549, -0.011488291238007011, -0.007921108617940202]","[0.027089225939721184, 0.03176366605400367, -0.07766369134399465, 0.02719055879335426, 0.03175784477876745, -0.07766566567380916, 0.14097967696158673, 0.3152656985753488, -0.011488291238007011, 0.6833820720255434, 0.4064998736625568]","[-0.038648013812861794, 0.13662256003647963, -0.14945868954624045, -0.03843852359375658, 0.13660976848692363, -0.1492352286698818, 0.3218016337581168, 0.8111962139556222, -0.007921108617940202, 0.4064998736625568, 1.4881903127400746]"
"[1.5643735707541713, -0.010107002721605876, -0.0260745291731859, 1.2309508309204233, -0.010179636468415904, -0.025928339856223444, 0.02110583079912641, 0.0008685172298770156, -0.04631344719358095, 0.02137376070535242, 0.0007937159698305497]","[-0.010107002721605876, 1.2877072374639225, -0.04998941396766042, -0.010059825058350636, 0.9542613448859937, -0.05003555737247785, -0.02253595155575157, -0.003928055422130506, 0.00565476018606899, -0.02283229217003642, -0.003335580236047515]","[-0.0260745291731859, -0.04998941396766042, 0.6101277253437567, -0.02634952912736079, -0.049920578787640585, 0.2766382474073393, -0.003162846320516073, -0.0005120458178885258, -0.007132293943326665, -0.0034911216210342616, -0.00023239148498024398]","[1.2309508309204233, -0.010059825058350636, -0.02634952912736079, 1.564394845157611, -0.01013248678722066, -0.02620315598866426, 0.02110883709751524, 0.0008694049134758424, -0.04630166382708347, 0.02137650883800636, 0.0007944690503183987]","[-0.010179636468415904, 0.9542613448859937, -0.049920578787640585, -0.01013248678722066, 1.287681801136771, -0.04996674979622502, -0.02252950471962435, -0.003929053194771891, 0.005689914604166643, -0.02282597235490743, -0.00333614987843271]","[-0.025928339856223444, -0.05003555737247785, 0.2766382474073393, -0.02620315598866426, -0.04996674979622502, 0.6100163197773687, -0.003167858964079508, -0.0004644259851544571, -0.007147615633737234, -0.00349637566286366, -0.00019222614269491026]","[0.02110583079912641, -0.02253595155575157, -0.003162846320516073, 0.02110883709751524, -0.02252950471962435, -0.003167858964079508, 0.3910330614494241, -0.0007089565559783727, -0.0011151832191899586, 0.05572838353761946, -6.575857646693148e-05]","[0.0008685172298770156, -0.003928055422130506, -0.0005120458178885258, 0.0008694049134758424, -0.003929053194771891, -0.0004644259851544571, -0.0007089565559783727, 0.36279584194758974, -0.0017564518659372393, -0.0010058840846410596, 0.026061183511237502]","[-0.04631344719358095, 0.00565476018606899, -0.007132293943326665, -0.04630166382708347, 0.005689914604166643, -0.007147615633737234, -0.0011151832191899586, -0.0017564518659372393, 0.4392788158999883, -0.0010167786814507872, -0.0009821994353734266]","[0.02137376070535242, -0.02283229217003642, -0.0034911216210342616, 0.02137650883800636, -0.02282597235490743, -0.00349637566286366, 0.05572838353761946, -0.0010058840846410596, -0.0010167786814507872, 0.390557699033312, -0.00044721363498552034]","[0.0007937159698305497, -0.003335580236047515, -0.00023239148498024398, 0.0007944690503183987, -0.00333614987843271, -0.00019222614269491026, -6.575857646693148e-05, 0.026061183511237502, -0.0009821994353734266, -0.00044721363498552034, 0.36129023762955714]"
"[0.7956511471155309, 0.10400255860489688, -0.20834293562443645, 0.32486891817820135, 0.10412913140782397, -0.2077474092176793, -0.30934204367735757, 0.10026235878716154, 0.4004544552838146, -0.3648885707388263, -0.033169915806291125]","[0.10400255860489688, 0.5230445024442535, -0.054362562061091475, 0.10428412976990122, 0.05122055783487402, -0.05418995496765785, -0.10885841338911449, 0.019838274527647463, 0.17338104487376788, -0.11658647328771671, 0.0020211787173327906]","[-0.20834293562443645, -0.054362562061091475, 0.748355674634664, -0.2095210467912568, -0.05463851275369554, 0.2764473914827838, 0.28867618107776166, 0.039317133001425864, -0.4696723416089453, 0.3164313413912845, 0.10410121318683385]","[0.32486891817820135, 0.10428412976990122, -0.2095210467912568, 0.7977530860436538, 0.10441180416265786, -0.2089243858678025, -0.3106544702560815, 0.10040779949030194, 0.4016862750295212, -0.36615829141672956, -0.032903971909369986]","[0.10412913140782397, 0.05122055783487402, -0.05463851275369554, 0.10441180416265786, 0.5230567442415646, -0.0544655105450188, -0.10908348207760543, 0.019769378264573104, 0.17379378876617863, -0.1168518859778151, 0.0018557104290800725]","[-0.2077474092176793, -0.05418995496765785, 0.2764473914827838, -0.2089243858678025, -0.0544655105450188, 0.7482059249033077, 0.2884661862768519, 0.040196830845622866, -0.4696351192307558, 0.31604989382539334, 0.1045543976063344]","[-0.30934204367735757, -0.10885841338911449, 0.28867618107776166, -0.3106544702560815, -0.10908348207760543, 0.2884661862768519, 0.863940062032861, 0.020761760097914746, -0.5973740986583713, 0.42492552504699815, 0.09676185092946683]","[0.10026235878716154, 0.019838274527647463, 0.039317133001425864, 0.10040779949030194, 0.019769378264573104, 0.040196830845622866, 0.020761760097914746, 0.7135404802532487, -0.21190634757366553, -0.0011338078463713397, 0.1859004909824381]","[0.4004544552838146, 0.17338104487376788, -0.4696723416089453, 0.4016862750295212, 0.17379378876617863, -0.4696351192307558, -0.5973740986583713, -0.21190634757366553, 2.1525263530373167, -0.6995460440098952, -0.45671002309538056]","[-0.3648885707388263, -0.11658647328771671, 0.3164313413912845, -0.36615829141672956, -0.1168518859778151, 0.31604989382539334, 0.42492552504699815, -0.0011338078463713397, -0.6995460440098952, 1.0089780067406295, 0.27031733927274804]","[-0.033169915806291125, 0.0020211787173327906, 0.10410121318683385, -0.032903971909369986, 0.0018557104290800725, 0.1045543976063344, 0.09676185092946683, 0.1859004909824381, -0.45671002309538056, 0.27031733927274804, 1.083566084514636]"
"[0.7635098003450562, -0.30358714862998193, -0.016190971862575773, 0.6603378944905842, -0.30363919161471287, -0.016210921900898567, 0.07668021814170115, 0.003420404086800964, 0.05057570743297189, 0.10794010678673786, -0.03405736489165431]","[-0.30358714862998193, 1.1151216681244531, -0.15755590137058958, -0.3038240454302905, 1.0120453520538546, -0.1568303721139858, -0.04173085222654646, 0.010800072982453618, 0.11330422263029648, 0.06311484175924086, 0.4103535082890268]","[-0.016190971862575773, -0.15755590137058958, 1.0543800154225202, -0.015717460770329445, -0.1571609694121368, 0.9499757302316741, 0.07762945992250146, 0.01166968276156627, -0.17409992534855903, -0.025165173656730107, -0.1593375372336607]","[0.6603378944905842, -0.3038240454302905, -0.015717460770329445, 0.7633376397889426, -0.3038757208499191, -0.015739160914038094, 0.07671159469488234, 0.0034140275807252696, 0.0501230993804181, 0.10779179803042636, -0.034506777656277916]","[-0.30363919161471287, 1.0120453520538546, -0.1571609694121368, -0.3038757208499191, 1.1151398320789188, -0.15643606921618708, -0.04170885339476843, 0.010801239339881925, 0.11306767670595307, 0.06312505929953864, 0.4103074272304275]","[-0.016210921900898567, -0.1568303721139858, 0.9499757302316741, -0.015739160914038094, -0.15643606921618708, 1.0517507696522463, 0.07741853549990468, 0.011753704875320571, -0.173319246709513, -0.02440986852103954, -0.1573093211095554]","[0.07668021814170115, -0.04173085222654646, 0.07762945992250146, 0.07671159469488234, -0.04170885339476843, 0.07741853549990468, 0.19685671215037648, -0.003421933038440296, -0.01969577577576416, 0.05312181257739215, 0.06091292232923271]","[0.003420404086800964, 0.010800072982453618, 0.01166968276156627, 0.0034140275807252696, 0.010801239339881925, 0.011753704875320571, -0.003421933038440296, 0.14100107984144233, 0.0040217355483172885, -0.004165907876411262, -0.01044212414388054]","[0.05057570743297189, 0.11330422263029648, -0.17409992534855903, 0.0501230993804181, 0.11306767670595307, -0.173319246709513, -0.01969577577576416, 0.0040217355483172885, 0.49401482946347025, 0.054646463915027275, 0.11083464274704172]","[0.10794010678673786, 0.06311484175924086, -0.025165173656730107, 0.10779179803042636, 0.06312505929953864, -0.02440986852103954, 0.05312181257739215, -0.004165907876411262, 0.054646463915027275, 0.3166749075812124, 0.23435314218930123]","[-0.03405736489165431, 0.4103535082890268, -0.1593375372336607, -0.034506777656277916, 0.4103074272304275, -0.1573093211095554, 0.06091292232923271, -0.01044212414388054, 0.11083464274704172, 0.23435314218930123, 1.2572115711990137]"
"[0.9146524270569691, 0.07206354673083519, -0.032611720760689425, 0.7800737878517253, 0.07208875155902245, -0.03273839184130895, 0.02441787564301298, -0.0373668498326322, -0.0064233598722622355, 0.024243001338215057, -0.037635200146997914]","[0.07206354673083519, 0.980337562757693, -0.07987845008036332, 0.07196587513622649, 0.8458044707007172, -0.07992369789723201, 0.04528339742948553, -0.03544767713981767, -0.00661572036064704, 0.045674543830024, -0.0351874036853093]","[-0.032611720760689425, -0.07987845008036332, 0.37028180403483313, -0.032336147139881075, -0.07985876633349406, 0.23572398351464044, -0.0510741952571369, 0.031786383132283186, 0.010127780342426578, -0.051758455452258136, 0.03133695089760153]","[0.7800737878517253, 0.07196587513622649, -0.032336147139881075, 0.9145500542079125, 0.07199108563854156, -0.03246297507871219, 0.024363398363074478, -0.03734028587872619, -0.006414758815768841, 0.024187853657725997, -0.03760851521338849]","[0.07208875155902245, 0.8458044707007172, -0.07985876633349406, 0.07199108563854156, 0.9803258852612637, -0.07990400755043701, 0.045266313877036966, -0.03543597826520157, -0.006656871925060607, 0.04565713703045235, -0.035175925945951474]","[-0.03273839184130895, -0.07992369789723201, 0.23572398351464044, -0.03246297507871219, -0.07990400755043701, 0.37022223475345284, -0.05110691588020339, 0.032108926614283474, 0.010148006784609722, -0.05179082525023738, 0.031654291786872644]","[0.02441787564301298, 0.04528339742948553, -0.0510741952571369, 0.024363398363074478, 0.045266313877036966, -0.05110691588020339, 0.2691092426114189, -0.032955581468608657, -0.003284443970181359, 0.1349654505164623, -0.0326176769906578]","[-0.0373668498326322, -0.03544767713981767, 0.031786383132283186, -0.03734028587872619, -0.03543597826520157, 0.032108926614283474, -0.032955581468608657, 0.38590360147816005, 0.009536451359750986, -0.0333087620713801, 0.2490631314589887]","[-0.0064233598722622355, -0.00661572036064704, 0.010127780342426578, -0.006414758815768841, -0.006656871925060607, 0.010148006784609722, -0.003284443970181359, 0.009536451359750986, 0.2272304612360663, -0.003436291028322741, 0.009839927453547196]","[0.024243001338215057, 0.045674543830024, -0.051758455452258136, 0.024187853657725997, 0.04565713703045235, -0.05179082525023738, 0.1349654505164623, -0.0333087620713801, -0.003436291028322741, 0.2707837980097718, -0.03292128259875306]","[-0.037635200146997914, -0.0351874036853093, 0.03133695089760153, -0.03760851521338849, -0.035175925945951474, 0.031654291786872644, -0.0326176769906578, 0.2490631314589887, 0.009839927453547196, -0.03292128259875306, 0.3835329164688405]"
"[0.7012806710643464, -0.2725575732204961, -0.14271058546720283, 0.22937278461867483, -0.2725533802559901, -0.14248108512224814, 0.015821041906730567, 0.10488101976352106, 0.017544694540139377, 0.015920020621931395, 0.10492803939174297]","[-0.2725575732204961, 1.2171746632370255, 0.14887507067997427, -0.27255976761081363, 0.7452627021294754, 0.14847503700797818, -0.01824424471110644, -0.18065991682336455, -0.06897209794911856, -0.01832848695562953, -0.17901377392294926]","[-0.14271058546720283, 0.14887507067997427, 0.973402959519625, -0.14270131254855117, 0.14888346496172247, 0.5015418489001118, 0.004895943079095776, 0.027563703917880187, -0.013291776757749084, 0.004919072228834157, 0.026924608468112603]","[0.22937278461867483, -0.27255976761081363, -0.14270131254855117, 0.7012861001154802, -0.2725555681236923, -0.14247189432480714, 0.015828025604502666, 0.10487453851286778, 0.017545259528353303, 0.015927037468820487, 0.10492595006458369]","[-0.2725533802559901, 0.7452627021294754, 0.14888346496172247, -0.2725555681236923, 1.217171868388423, 0.14848331996512207, -0.018243945086532404, -0.18070219873667823, -0.06896871900782203, -0.018328199234235464, -0.17905791785138292]","[-0.14248108512224814, 0.14847503700797818, 0.5015418489001118, -0.14247189432480714, 0.14848331996512207, 0.9735113407388064, 0.004887362090554592, 0.030212658867549657, -0.013465504523874064, 0.004910440363994676, 0.02952624502333647]","[0.015821041906730567, -0.01824424471110644, 0.004895943079095776, 0.015828025604502666, -0.018243945086532404, 0.004887362090554592, 0.47953653850680406, 0.0018089123539066882, -0.0008304289710439527, 0.007579087366085783, 0.001817265251292326]","[0.10488101976352106, -0.18065991682336455, 0.027563703917880187, 0.10487453851286778, -0.18070219873667823, 0.030212658867549657, 0.0018089123539066882, 3.018371112944849, -0.059379606718266364, 0.0018212614642569205, 2.5130314404904848]","[0.017544694540139377, -0.06897209794911856, -0.013291776757749084, 0.017545259528353303, -0.06896871900782203, -0.013465504523874064, -0.0008304289710439527, -0.059379606718266364, 0.6453038390269241, -0.0008418257923998852, -0.066621041556165]","[0.015920020621931395, -0.01832848695562953, 0.004919072228834157, 0.015927037468820487, -0.018328199234235464, 0.004910440363994676, 0.007579087366085783, 0.0018212614642569205, -0.0008418257923998852, 0.4796288522823777, 0.001829609604036291]","[0.10492803939174297, -0.17901377392294926, 0.026924608468112603, 0.10492595006458369, -0.17905791785138292, 0.02952624502333647, 0.001817265251292326, 2.5130314404904848, -0.066621041556165, 0.001829609604036291, 3.0003827397493863]"
"[1.329588276004123, -0.05192871213719828, -0.06561401479635838, 0.861688662785299, -0.051981938795102524, -0.0678759731735977, -0.010435258259601912, 0.026527269950819835, -0.03679472332371893, -0.010211221623909432, 0.026319780134298]","[-0.05192871213719828, 1.5172081550536014, 0.04856598423506907, -0.05176499667828502, 1.0492911509083187, 0.04612040341496294, 0.028730884744963308, -0.03783945628822703, 0.003447739996729069, 0.029154744643606338, -0.03860582040806321]","[-0.06561401479635838, 0.04856598423506907, 1.3480534442852294, -0.06564063707863939, 0.04884989510912405, 0.8799609408247147, -0.07868364484001734, 0.08509340366956257, 0.01816085064074198, -0.08016659766607966, 0.08568229763653049]","[0.861688662785299, -0.05176499667828502, -0.06564063707863939, 1.3296205265841898, -0.051818218634426254, -0.06790692769909772, -0.010430774141518145, 0.02653047725973609, -0.03677164588956702, -0.010206594554472922, 0.026322972984927334]","[-0.051981938795102524, 1.0492911509083187, 0.04884989510912405, -0.051818218634426254, 1.5172053970398842, 0.04640415111994719, 0.028698923819822905, -0.03779793815343276, 0.00346457210552995, 0.029122018782724097, -0.03856388099183214]","[-0.0678759731735977, 0.04612040341496294, 0.8799609408247147, -0.06790692769909772, 0.04640415111994719, 1.3537684632041003, -0.07816324803710797, 0.08451711210044782, 0.018834238049664373, -0.07963322631949536, 0.08509399042527473]","[-0.010435258259601912, 0.028730884744963308, -0.07868364484001734, -0.010430774141518145, 0.028698923819822905, -0.07816324803710797, 0.5381684127636902, -0.07671099074696466, 0.006792714249160882, 0.07089248473060945, -0.07687381780716963]","[0.026527269950819835, -0.03783945628822703, 0.08509340366956257, 0.02653047725973609, -0.03779793815343276, 0.08451711210044782, -0.07671099074696466, 0.5631736742729374, -0.008300884492285924, -0.07697929786343759, 0.09469283497837933]","[-0.03679472332371893, 0.003447739996729069, 0.01816085064074198, -0.03677164588956702, 0.00346457210552995, 0.018834238049664373, 0.006792714249160882, -0.008300884492285924, 0.5926124719813065, 0.0067511240211072234, -0.00821569110803966]","[-0.010211221623909432, 0.029154744643606338, -0.08016659766607966, -0.010206594554472922, 0.029122018782724097, -0.07963322631949536, 0.07089248473060945, -0.07697929786343759, 0.0067511240211072234, 0.539995745577112, -0.0782124496941799]","[0.026319780134298, -0.03860582040806321, 0.08568229763653049, 0.026322972984927334, -0.03856388099183214, 0.08509399042527473, -0.07687381780716963, 0.09469283497837933, -0.00821569110803966, -0.0782124496941799, 0.5645244843372182]"
"[2.4355539109927697, 0.24042603357069922, 1.440058988311691, 2.132910071761097, 0.27932614770945224, 1.4222775151665328, -0.12900218578588443, -0.3193508453730507, -2.393478313442955, -0.1296059548817091, -0.31953448236983656]","[0.24042603357069922, 1.1195703346697927, -0.46350523665836096, 0.25556089140326216, 0.8412575834744295, -0.3712436642535764, 0.3840085944575104, 0.9506309410451991, 7.024303394618104, 0.38580587037537234, 0.9511775843799346]","[1.440058988311691, -0.46350523665836096, 1.7347692578842078, 1.4158992650238407, -0.44018449986348984, 1.3636562669932992, -0.395011158697685, -0.977868294970372, -7.251109851603741, -0.3968599299310919, -0.9784306006587468]","[2.132910071761097, 0.25556089140326216, 1.4158992650238407, 2.4031590344158182, 0.2942380075216669, 1.4002374726204077, -0.11962963759713809, -0.29614867116846977, -2.2216974870664217, -0.12018954034363681, -0.29631896616960557]","[0.27932614770945224, 0.8412575834744295, -0.44018449986348984, 0.2942380075216669, 1.1360742416822491, -0.34783094081198973, 0.38342317957484795, 0.9491817195724518, 7.013000456435829, 0.38521771557468254, 0.9497275295582774]","[1.4222775151665328, -0.3712436642535764, 1.3636562669932992, 1.4002374726204077, -0.34783094081198973, 1.576115078484393, -0.34737923162429984, -0.8599532682988048, -6.379103661908168, -0.3490050710882466, -0.8604477690582506]","[-0.12900218578588443, 0.3840085944575104, -0.395011158697685, -0.11962963759713809, 0.38342317957484795, -0.34737923162429984, 0.4907969777867336, 0.5064770661079329, 3.746300190376399, 0.20554961644746772, 0.5067683066939798]","[-0.3193508453730507, 0.9506309410451991, -0.977868294970372, -0.29614867116846977, 0.9491817195724518, -0.8599532682988048, 0.5064770661079329, 1.5400121903457928, 9.274138461527007, 0.5088475313709593, 1.254528255975491]","[-2.393478313442955, 7.024303394618104, -7.251109851603741, -2.2216974870664217, 7.013000456435829, -6.379103661908168, 3.746300190376399, 9.274138461527007, 68.88545470614928, 3.763834003969182, 9.279471389119113]","[-0.1296059548817091, 0.38580587037537234, -0.3968599299310919, -0.12018954034363681, 0.38521771557468254, -0.3490050710882466, 0.20554961644746772, 0.5088475313709593, 3.763834003969182, 0.49271656442027534, 0.5091401350506951]","[-0.31953448236983656, 0.9511775843799346, -0.9784306006587468, -0.29631896616960557, 0.9497275295582774, -0.8604477690582506, 0.5067683066939798, 1.254528255975491, 9.279471389119113, 0.5091401350506951, 1.5414545638694275]"
"[0.8439815112341885, 0.013610336690984349, 0.15971980532270008, 0.7019949273127787, 0.013658982767163133, 0.16010240612225254, -0.009530290769636064, 0.007963669270939094, 0.0024220010977661194, 0.0005077641508052709, -0.09197042271556215]","[0.013610336690984349, 1.0357155903503978, 0.25542491351296853, 0.013636328947151598, 0.8937845031259358, 0.2552278066662698, -0.08408073368486928, -0.03579366784170825, -0.005822381026735247, -0.003299219694245336, 0.00476146314077625]","[0.15971980532270008, 0.25542491351296853, 0.877518255249398, 0.1598218854690786, 0.2555666416390003, 0.7358290316337004, -1.191437822957386e-05, 0.2115055027595909, -0.010236930897299198, -5.3627943969231226e-05, -0.03840555910513406]","[0.7019949273127787, 0.013636328947151598, 0.1598218854690786, 0.8439967897497964, 0.013685022872357117, 0.1602044421476783, -0.009395866437360026, 0.00788322599242417, 0.0024070173379662674, 0.0005082809446739738, -0.09202396993925485]","[0.013658982767163133, 0.8937845031259358, 0.2555666416390003, 0.013685022872357117, 1.035841788174217, 0.25536969119017605, -0.08411236833459558, -0.03570770037245753, -0.005816707078223564, -0.0032991628589246562, 0.004800572956703093]","[0.16010240612225254, 0.2552278066662698, 0.7358290316337004, 0.1602044421476783, 0.25536969119017605, 0.8781317413953333, -0.00028407426216069614, 0.21283648238041547, -0.01018591640768631, -5.7170750939283544e-05, -0.03902463630899857]","[-0.009530290769636064, -0.08408073368486928, -1.191437822957386e-05, -0.009395866437360026, -0.08411236833459558, -0.00028407426216069614, 2.4262481959327995, -0.3605675803761105, -0.21226779958115682, -0.0055282238789015805, -0.7817539750996798]","[0.007963669270939094, -0.03579366784170825, 0.2115055027595909, 0.00788322599242417, -0.03570770037245753, 0.21283648238041547, -0.3605675803761105, 1.5884966747178315, -0.010848027752959129, -0.0014849574778009157, -0.424467017040225]","[0.0024220010977661194, -0.005822381026735247, -0.010236930897299198, 0.0024070173379662674, -0.005816707078223564, -0.01018591640768631, -0.21226779958115682, -0.010848027752959129, 0.18819855525832088, 0.0004788903238544456, 0.13614197348018767]","[0.0005077641508052709, -0.003299219694245336, -5.3627943969231226e-05, 0.0005082809446739738, -0.0032991628589246562, -5.7170750939283544e-05, -0.0055282238789015805, -0.0014849574778009157, 0.0004788903238544456, 0.14345555132265805, -0.0005953353433126737]","[-0.09197042271556215, 0.00476146314077625, -0.03840555910513406, -0.09202396993925485, 0.004800572956703093, -0.03902463630899857, -0.7817539750996798, -0.424467017040225, 0.13614197348018767, -0.0005953353433126737, 1.3913153950299981]"
